0	0.0001866
0.01	0.0001866
0.02	0.0001866
0.03	0.0001866
0.04	0.0001866
0.05	0.0001866
0.06	0.0001866
0.07	0.0001866
0.08	0.0001866
0.09	0.0001866
0.1	0.0001866
0.11	0.0001866
0.12	0.0001866
0.13	0.0001866
0.14	0.0001866
0.15	0.0001866
0.16	0.0001866
0.17	0.0001866
0.18	0.0001866
0.19	0.0001866
0.2	0.0001866
0.21	0.0001866
0.22	0.0001866
0.23	0.0001866
0.24	0.0001866
0.25	0.0001866
0.26	0.0001866
0.27	0.0001866
0.28	0.0001866
0.29	0.0001866
0.3	0.0001866
0.31	0.0001866
0.32	0.0001866
0.33	0.0001866
0.34	0.0001866
0.35	0.0001866
0.36	0.0001866
0.37	0.0001866
0.38	0.0001866
0.39	0.0001866
0.4	0.0001866
0.41	0.0001866
0.42	0.0001866
0.43	0.0001866
0.44	0.0001866
0.45	0.0001866
0.46	0.0001866
0.47	0.0001866
0.48	0.0001866
0.49	0.0001866
0.5	0.0001866
0.51	0.0001866
0.52	0.0001866
0.53	0.0001866
0.54	0.0001866
0.55	0.0001866
0.56	0.0001866
0.57	0.0001866
0.58	0.0001866
0.59	0.0001866
0.6	0.0001866
0.61	0.0001866
0.62	0.0001866
0.63	0.0001866
0.64	0.0001866
0.65	0.0001866
0.66	0.0001866
0.67	0.0001866
0.68	0.0001866
0.69	0.0001866
0.7	0.0001866
0.71	0.0001866
0.72	0.0001866
0.73	0.0001866
0.74	0.0001866
0.75	0.0001866
0.76	0.0001866
0.77	0.0001866
0.78	0.0001866
0.79	0.0001866
0.8	0.0001866
0.81	0.0001866
0.82	0.0001866
0.83	0.0001866
0.84	0.0001866
0.85	0.0001866
0.86	0.0001866
0.87	0.0001866
0.88	0.0001866
0.89	0.0001866
0.9	0.0001866
0.91	0.0001866
0.92	0.0001866
0.93	0.0001866
0.94	0.0001866
0.95	0.0001866
0.96	0.0001866
0.97	0.0001866
0.98	0.0001866
0.99	0.0001866
1	0.0001866
1.01	0.0001866
1.02	0.0001866
1.03	0.0001866
1.04	0.0001866
1.05	0.0001866
1.06	0.0001866
1.07	0.0001866
1.08	0.0001866
1.09	0.0001866
1.1	0.0001866
1.11	0.0001866
1.12	0.0001866
1.13	0.0001866
1.14	0.0001866
1.15	0.0001866
1.16	0.0001866
1.17	0.0001866
1.18	0.0001866
1.19	0.0001866
1.2	0.0001866
1.21	0.0001866
1.22	0.0001866
1.23	0.0001866
1.24	0.0001866
1.25	0.0001866
1.26	0.0001866
1.27	0.0001866
1.28	0.0001866
1.29	0.0001866
1.3	0.0001866
1.31	0.0001866
1.32	0.0001866
1.33	0.0001866
1.34	0.0001866
1.35	0.0001866
1.36	0.0001866
1.37	0.0001866
1.38	0.0001866
1.39	0.0001866
1.4	0.0001866
1.41	0.0001866
1.42	0.0001866
1.43	0.0001866
1.44	0.0001866
1.45	0.0001866
1.46	0.0001866
1.47	0.0001866
1.48	0.0001866
1.49	0.0001866
1.5	0.0001866
1.51	0.0001866
1.52	0.0001866
1.53	0.0001866
1.54	0.0001866
1.55	0.0001866
1.56	0.0001866
1.57	0.0001866
1.58	0.0001866
1.59	0.0001866
1.6	0.0001866
1.61	0.0001866
1.62	0.0001866
1.63	0.0001866
1.64	0.0001866
1.65	0.0001866
1.66	0.0001866
1.67	0.0001866
1.68	0.0001866
1.69	0.0001866
1.7	0.0001866
1.71	0.0001866
1.72	0.0001866
1.73	0.0001866
1.74	0.0001866
1.75	0.0001866
1.76	0.0001866
1.77	0.0001866
1.78	0.0001866
1.79	0.0001866
1.8	0.0001866
1.81	0.0001866
1.82	0.0001866
1.83	0.0001866
1.84	0.0001866
1.85	0.0001866
1.86	0.0001866
1.87	0.0001866
1.88	0.0001866
1.89	0.0001866
1.9	0.0001866
1.91	0.0001866
1.92	0.0001866
1.93	0.0001866
1.94	0.0001866
1.95	0.0001866
1.96	0.0001866
1.97	0.0001866
1.98	0.0001866
1.99	0.0001866
2	0.0001866
2.01	0.0001866
2.02	0.0001866
2.03	0.0001866
2.04	0.0001866
2.05	0.0001866
2.06	0.0001866
2.07	0.0001866
2.08	0.0001866
2.09	0.0001866
2.1	0.0001866
2.11	0.0001866
2.12	0.0001866
2.13	0.0001866
2.14	0.0001866
2.15	0.0001866
2.16	0.0001866
2.17	0.0001866
2.18	0.0001866
2.19	0.0001866
2.2	0.0001866
2.21	0.0001866
2.22	0.0001866
2.23	0.0001866
2.24	0.0001866
2.25	0.0001866
2.26	0.0001866
2.27	0.0001866
2.28	0.0001866
2.29	0.0001866
2.3	0.0001866
2.31	0.0001866
2.32	0.0001866
2.33	0.0001866
2.34	0.0001866
2.35	0.0001866
2.36	0.0001866
2.37	0.0001866
2.38	0.0001866
2.39	0.0001866
2.4	0.0001866
2.41	0.0001866
2.42	0.0001866
2.43	0.0001866
2.44	0.0001866
2.45	0.0001866
2.46	0.0001866
2.47	0.0001866
2.48	0.0001866
2.49	0.0001866
2.5	0.0001866
2.51	0.0001866
2.52	0.0001866
2.53	0.0001866
2.54	0.0001866
2.55	0.0001866
2.56	0.0001866
2.57	0.0001866
2.58	0.0001866
2.59	0.0001866
2.6	0.0001866
2.61	0.0001866
2.62	0.0001866
2.63	0.0001866
2.64	0.0001866
2.65	0.0001866
2.66	0.0001866
2.67	0.0001866
2.68	0.0001866
2.69	0.0001866
2.7	0.0001866
2.71	0.0001866
2.72	0.0001866
2.73	0.0001866
2.74	0.0001866
2.75	0.0001866
2.76	0.0001866
2.77	0.0001866
2.78	0.0001866
2.79	0.0001866
2.8	0.0001866
2.81	0.0001866
2.82	0.0001866
2.83	0.0001866
2.84	0.0001866
2.85	0.0001866
2.86	0.0001866
2.87	0.0001866
2.88	0.0001866
2.89	0.0001866
2.9	0.0001866
2.91	0.0001866
2.92	0.0001866
2.93	0.0001866
2.94	0.0001866
2.95	0.0001866
2.96	0.0001866
2.97	0.0001866
2.98	0.0001866
2.99	0.0001866
3	0.0001866
3.01	0.0001866
3.02	0.0001866
3.03	0.0001866
3.04	0.0001866
3.05	0.0001866
3.06	0.0001866
3.07	0.0001866
3.08	0.0001866
3.09	0.0001866
3.1	0.0001866
3.11	0.0001866
3.12	0.0001866
3.13	0.0001866
3.14	0.0001866
3.15	0.0001866
3.16	0.0001866
3.17	0.0001866
3.18	0.0001866
3.19	0.0001866
3.2	0.0001866
3.21	0.0001866
3.22	0.0001866
3.23	0.0001866
3.24	0.0001866
3.25	0.0001866
3.26	0.0001866
3.27	0.0001866
3.28	0.0001866
3.29	0.0001866
3.3	0.0001866
3.31	0.0001866
3.32	0.0001866
3.33	0.0001866
3.34	0.0001866
3.35	0.0001866
3.36	0.0001866
3.37	0.0001866
3.38	0.0001866
3.39	0.0001866
3.4	0.0001866
3.41	0.0001866
3.42	0.0001866
3.43	0.0001866
3.44	0.0001866
3.45	0.0001866
3.46	0.0001866
3.47	0.0001866
3.48	0.0001866
3.49	0.0001866
3.5	0.0001866
3.51	0.0001866
3.52	0.0001866
3.53	0.0001866
3.54	0.0001866
3.55	0.0001866
3.56	0.0001866
3.57	0.0001866
3.58	0.0001866
3.59	0.0001866
3.6	0.0001866
3.61	0.0001866
3.62	0.0001866
3.63	0.0001866
3.64	0.0001866
3.65	0.0001866
3.66	0.0001866
3.67	0.0001866
3.68	0.0001866
3.69	0.0001866
3.7	0.0001866
3.71	0.0001866
3.72	0.0001866
3.73	0.0001866
3.74	0.0001866
3.75	0.0001866
3.76	0.0001866
3.77	0.0001866
3.78	0.0001866
3.79	0.0001866
3.8	0.0001866
3.81	0.0001866
3.82	0.0001866
3.83	0.0001866
3.84	0.0001866
3.85	0.0001866
3.86	0.0001866
3.87	0.0001866
3.88	0.0001866
3.89	0.0001866
3.9	0.0001866
3.91	0.0001866
3.92	0.0001866
3.93	0.0001866
3.94	0.0001866
3.95	0.0001866
3.96	0.0001866
3.97	0.0001866
3.98	0.0001866
3.99	0.0001866
4	0.0001866
4.01	0.0001866
4.02	0.0001866
4.03	0.0001866
4.04	0.0001866
4.05	0.0001866
4.06	0.0001866
4.07	0.0001866
4.08	0.0001866
4.09	0.0001866
4.1	0.0001866
4.11	0.0001866
4.12	0.0001866
4.13	0.0001866
4.14	0.0001866
4.15	0.0001866
4.16	0.0001866
4.17	0.0001866
4.18	0.0001866
4.19	0.0001866
4.2	0.0001866
4.21	0.0001866
4.22	0.0001866
4.23	0.0001866
4.24	0.0001866
4.25	0.0001866
4.26	0.0001866
4.27	0.0001866
4.28	0.0001866
4.29	0.0001866
4.3	0.0001866
4.31	0.0001866
4.32	0.0001866
4.33	0.0001866
4.34	0.0001866
4.35	0.0001866
4.36	0.0001866
4.37	0.0001866
4.38	0.0001866
4.39	0.0001866
4.4	0.0001866
4.41	0.0001866
4.42	0.0001866
4.43	0.0001866
4.44	0.0001866
4.45	0.0001866
4.46	0.0001866
4.47	0.0001866
4.48	0.0001866
4.49	0.0001866
4.5	0.0001866
4.51	0.0001866
4.52	0.0001866
4.53	0.0001866
4.54	0.0001866
4.55	0.0001866
4.56	0.0001866
4.57	0.0001866
4.58	0.0001866
4.59	0.0001866
4.6	0.0001866
4.61	0.0001866
4.62	0.0001866
4.63	0.0001866
4.64	0.0001866
4.65	0.0001866
4.66	0.0001866
4.67	0.0001866
4.68	0.0001866
4.69	0.0001866
4.7	0.0001866
4.71	0.0001866
4.72	0.0001866
4.73	0.0001866
4.74	0.0001866
4.75	0.0001866
4.76	0.0001866
4.77	0.0001866
4.78	0.0001866
4.79	0.0001866
4.8	0.0001866
4.81	0.0001866
4.82	0.0001866
4.83	0.0001866
4.84	0.0001866
4.85	0.0001866
4.86	0.0001866
4.87	0.0001866
4.88	0.0001866
4.89	0.0001866
4.9	0.0001866
4.91	0.0001866
4.92	0.0001866
4.93	0.0001866
4.94	0.0001866
4.95	0.0001866
4.96	0.0001866
4.97	0.0001866
4.98	0.0001866
4.99	0.0001866
5	0.0001866
5.01	0.0001866
5.02	0.0001866
5.03	0.0001866
5.04	0.0001866
5.05	0.0001866
5.06	0.0001866
5.07	0.0001866
5.08	0.0001866
5.09	0.0001866
5.1	0.0001866
5.11	0.0001866
5.12	0.0001866
5.13	0.0001866
5.14	0.0001866
5.15	0.0001866
5.16	0.0001866
5.17	0.0001866
5.18	0.0001866
5.19	0.0001866
5.2	0.0001866
5.21	0.0001866
5.22	0.0001866
5.23	0.0001866
5.24	0.0001866
5.25	0.0001866
5.26	0.0001866
5.27	0.0001866
5.28	0.0001866
5.29	0.0001866
5.3	0.0001866
5.31	0.0001866
5.32	0.0001866
5.33	0.0001866
5.34	0.0001866
5.35	0.0001866
5.36	0.0001866
5.37	0.0001866
5.38	0.0001866
5.39	0.0001866
5.4	0.0001866
5.41	0.0001866
5.42	0.0001866
5.43	0.0001866
5.44	0.0001866
5.45	0.0001866
5.46	0.0001866
5.47	0.0001866
5.48	0.0001866
5.49	0.0001866
5.5	0.0001866
5.51	0.0001866
5.52	0.0001866
5.53	0.0001866
5.54	0.0001866
5.55	0.0001866
5.56	0.0001866
5.57	0.0001866
5.58	0.0001866
5.59	0.0001866
5.6	0.0001866
5.61	0.0001866
5.62	0.0001866
5.63	0.0001866
5.64	0.0001866
5.65	0.0001866
5.66	0.0001866
5.67	0.0001866
5.68	0.0001866
5.69	0.0001866
5.7	0.0001866
5.71	0.0001866
5.72	0.0001866
5.73	0.0001866
5.74	0.0001866
5.75	0.0001866
5.76	0.0001866
5.77	0.0001866
5.78	0.0001866
5.79	0.0001866
5.8	0.0001866
5.81	0.0001866
5.82	0.0001866
5.83	0.0001866
5.84	0.0001866
5.85	0.0001866
5.86	0.0001866
5.87	0.0001866
5.88	0.0001866
5.89	0.0001866
5.9	0.0001866
5.91	0.0001866
5.92	0.0001866
5.93	0.0001866
5.94	0.0001866
5.95	0.0001866
5.96	0.0001866
5.97	0.0001866
5.98	0.0001866
5.99	0.0001866
6	0.0001866
6.01	0.0001866
6.02	0.0001866
6.03	0.0001866
6.04	0.0001866
6.05	0.0001866
6.06	0.0001866
6.07	0.0001866
6.08	0.0001866
6.09	0.0001866
6.1	0.0001866
6.11	0.0001866
6.12	0.0001866
6.13	0.0001866
6.14	0.0001866
6.15	0.0001866
6.16	0.0001866
6.17	0.0001866
6.18	0.0001866
6.19	0.0001866
6.2	0.0001866
6.21	0.0001866
6.22	0.0001866
6.23	0.0001866
6.24	0.0001866
6.25	0.0001866
6.26	0.0001866
6.27	0.0001866
6.28	0.0001866
6.29	0.0001866
6.3	0.0001866
6.31	0.0001866
6.32	0.0001866
6.33	0.0001866
6.34	0.0001866
6.35	0.0001866
6.36	0.0001866
6.37	0.0001866
6.38	0.0001866
6.39	0.0001866
6.4	0.0001866
6.41	0.0001866
6.42	0.0001866
6.43	0.0001866
6.44	0.0001866
6.45	0.0001866
6.46	0.0001866
6.47	0.0001866
6.48	0.0001866
6.49	0.0001866
6.5	0.0001866
6.51	0.0001866
6.52	0.0001866
6.53	0.0001866
6.54	0.0001866
6.55	0.0001866
6.56	0.0001866
6.57	0.0001866
6.58	0.0001866
6.59	0.0001866
6.6	0.0001866
6.61	0.0001866
6.62	0.0001866
6.63	0.0001866
6.64	0.0001866
6.65	0.0001866
6.66	0.0001866
6.67	0.0001866
6.68	0.0001866
6.69	0.0001866
6.7	0.0001866
6.71	0.0001866
6.72	0.0001866
6.73	0.0001866
6.74	0.0001866
6.75	0.0001866
6.76	0.0001866
6.77	0.0001866
6.78	0.0001866
6.79	0.0001866
6.8	0.0001866
6.81	0.0001866
6.82	0.0001866
6.83	0.0001866
6.84	0.0001866
6.85	0.0001866
6.86	0.0001866
6.87	0.0001866
6.88	0.0001866
6.89	0.0001866
6.9	0.0001866
6.91	0.0001866
6.92	0.0001866
6.93	0.0001866
6.94	0.0001866
6.95	0.0001866
6.96	0.0001866
6.97	0.0001866
6.98	0.0001866
6.99	0.0001866
7	0.0001866
7.01	0.0001866
7.02	0.0001866
7.03	0.0001866
7.04	0.0001866
7.05	0.0001866
7.06	0.0001866
7.07	0.0001866
7.08	0.0001866
7.09	0.0001866
7.1	0.0001866
7.11	0.0001866
7.12	0.0001866
7.13	0.0001866
7.14	0.0001866
7.15	0.0001866
7.16	0.0001866
7.17	0.0001866
7.18	0.0001866
7.19	0.0001866
7.2	0.0001866
7.21	0.0001866
7.22	0.0001866
7.23	0.0001866
7.24	0.0001866
7.25	0.0001866
7.26	0.0001866
7.27	0.0001866
7.28	0.0001866
7.29	0.0001866
7.3	0.0001866
7.31	0.0001866
7.32	0.0001866
7.33	0.0001866
7.34	0.0001866
7.35	0.0001866
7.36	0.0001866
7.37	0.0001866
7.38	0.0001866
7.39	0.0001866
7.4	0.0001866
7.41	0.0001866
7.42	0.0001866
7.43	0.0001866
7.44	0.0001866
7.45	0.0001866
7.46	0.0001866
7.47	0.0001866
7.48	0.0001866
7.49	0.0001866
7.5	0.0001866
7.51	0.0001866
7.52	0.0001866
7.53	0.0001866
7.54	0.0001866
7.55	0.0001866
7.56	0.0001866
7.57	0.0001866
7.58	0.0001866
7.59	0.0001866
7.6	0.0001866
7.61	0.0001866
7.62	0.0001866
7.63	0.0001866
7.64	0.0001866
7.65	0.0001866
7.66	0.0001866
7.67	0.0001866
7.68	0.0001866
7.69	0.0001866
7.7	0.0001866
7.71	0.0001866
7.72	0.0001866
7.73	0.0001866
7.74	0.0001866
7.75	0.0001866
7.76	0.0001866
7.77	0.0001866
7.78	0.0001866
7.79	0.0001866
7.8	0.0001866
7.81	0.0001866
7.82	0.0001866
7.83	0.0001866
7.84	0.0001866
7.85	0.0001866
7.86	0.0001866
7.87	0.0001866
7.88	0.0001866
7.89	0.0001866
7.9	0.0001866
7.91	0.0001866
7.92	0.0001866
7.93	0.0001866
7.94	0.0001866
7.95	0.0001866
7.96	0.0001866
7.97	0.0001866
7.98	0.0001866
7.99	0.0001866
8	0.0001866
8.01	0.0001866
8.02	0.0001866
8.03	0.0001866
8.04	0.0001866
8.05	0.0001866
8.06	0.0001866
8.07	0.0001866
8.08	0.0001866
8.09	0.0001866
8.1	0.0001866
8.11	0.0001866
8.12	0.0001866
8.13	0.0001866
8.14	0.0001866
8.15	0.0001866
8.16	0.0001866
8.17	0.0001866
8.18	0.0001866
8.19	0.0001866
8.2	0.0001866
8.21	0.0001866
8.22	0.0001866
8.23	0.0001866
8.24	0.0001866
8.25	0.0001866
8.26	0.0001866
8.27	0.0001866
8.28	0.0001866
8.29	0.0001866
8.3	0.0001866
8.31	0.0001866
8.32	0.0001866
8.33	0.0001866
8.34	0.0001866
8.35	0.0001866
8.36	0.0001866
8.37	0.0001866
8.38	0.0001866
8.39	0.0001866
8.4	0.0001866
8.41	0.0001866
8.42	0.0001866
8.43	0.0001866
8.44	0.0001866
8.45	0.0001866
8.46	0.0001866
8.47	0.0001866
8.48	0.0001866
8.49	0.0001866
8.5	0.0001866
8.51	0.0001866
8.52	0.0001866
8.53	0.0001866
8.54	0.0001866
8.55	0.0001866
8.56	0.0001866
8.57	0.0001866
8.58	0.0001866
8.59	0.0001866
8.6	0.0001866
8.61	0.0001866
8.62	0.0001866
8.63	0.0001866
8.64	0.0001866
8.65	0.0001866
8.66	0.0001866
8.67	0.0001866
8.68	0.0001866
8.69	0.0001866
8.7	0.0001866
8.71	0.0001866
8.72	0.0001866
8.73	0.0001866
8.74	0.0001866
8.75	0.0001866
8.76	0.0001866
8.77	0.0001866
8.78	0.0001866
8.79	0.0001866
8.8	0.0001866
8.81	0.0001866
8.82	0.0001866
8.83	0.0001866
8.84	0.0001866
8.85	0.0001866
8.86	0.0001866
8.87	0.0001866
8.88	0.0001866
8.89	0.0001866
8.9	0.0001866
8.91	0.0001866
8.92	0.0001866
8.93	0.0001866
8.94	0.0001866
8.95	0.0001866
8.96	0.0001866
8.97	0.0001866
8.98	0.0001866
8.99	0.0001866
9	0.0001866
9.01	0.0001866
9.02	0.0001866
9.03	0.0001866
9.04	0.0001866
9.05	0.0001866
9.06	0.0001866
9.07	0.0001866
9.08	0.0001866
9.09	0.0001866
9.1	0.0001866
9.11	0.0001866
9.12	0.0001866
9.13	0.0001866
9.14	0.0001866
9.15	0.0001866
9.16	0.0001866
9.17	0.0001866
9.18	0.0001866
9.19	0.0001866
9.2	0.0001866
9.21	0.0001866
9.22	0.0001866
9.23	0.0001866
9.24	0.0001866
9.25	0.0001866
9.26	0.0001866
9.27	0.0001866
9.28	0.0001866
9.29	0.0001866
9.3	0.0001866
9.31	0.0001866
9.32	0.0001866
9.33	0.0001866
9.34	0.0001866
9.35	0.0001866
9.36	0.0001866
9.37	0.0001866
9.38	0.0001866
9.39	0.0001866
9.4	0.0001866
9.41	0.0001866
9.42	0.0001866
9.43	0.0001866
9.44	0.0001866
9.45	0.0001866
9.46	0.0001866
9.47	0.0001866
9.48	0.0001866
9.49	0.0001866
9.5	0.0001866
9.51	0.0001866
9.52	0.0001866
9.53	0.0001866
9.54	0.0001866
9.55	0.0001866
9.56	0.0001866
9.57	0.0001866
9.58	0.0001866
9.59	0.0001866
9.6	0.0001866
9.61	0.0001866
9.62	0.0001866
9.63	0.0001866
9.64	0.0001866
9.65	0.0001866
9.66	0.0001866
9.67	0.0001866
9.68	0.0001866
9.69	0.0001866
9.7	0.0001866
9.71	0.0001866
9.72	0.0001866
9.73	0.0001866
9.74	0.0001866
9.75	0.0001866
9.76	0.0001866
9.77	0.0001866
9.78	0.0001866
9.79	0.0001866
9.8	0.0001866
9.81	0.0001866
9.82	0.0001866
9.83	0.0001866
9.84	0.0001866
9.85	0.0001866
9.86	0.0001866
9.87	0.0001866
9.88	0.0001866
9.89	0.0001866
9.9	0.0001866
9.91	0.0001866
9.92	0.0001866
9.93	0.0001866
9.94	0.0001866
9.95	0.0001866
9.96	0.0001866
9.97	0.0001866
9.98	0.0001866
9.99	0.0001866
10	0.0001866
10.01	0.0001866
10.02	0.0001866
10.03	0.0001866
10.04	0.0001866
10.05	0.0001866
10.06	0.0001866
10.07	0.0001866
10.08	0.0001866
10.09	0.0001866
10.1	0.0001866
10.11	0.0001866
10.12	0.0001866
10.13	0.0001866
10.14	0.0001866
10.15	0.0001866
10.16	0.0001866
10.17	0.0001866
10.18	0.0001866
10.19	0.0001866
10.2	0.0001866
10.21	0.0001866
10.22	0.0001866
10.23	0.0001866
10.24	0.0001866
10.25	0.0001866
10.26	0.0001866
10.27	0.0001866
10.28	0.0001866
10.29	0.0001866
10.3	0.0001866
10.31	0.0001866
10.32	0.0001866
10.33	0.0001866
10.34	0.0001866
10.35	0.0001866
10.36	0.0001866
10.37	0.0001866
10.38	0.0001866
10.39	0.0001866
10.4	0.0001866
10.41	0.0001866
10.42	0.0001866
10.43	0.0001866
10.44	0.0001866
10.45	0.0001866
10.46	0.0001866
10.47	0.0001866
10.48	0.0001866
10.49	0.0001866
10.5	0.0001866
10.51	0.0001866
10.52	0.0001866
10.53	0.0001866
10.54	0.0001866
10.55	0.0001866
10.56	0.0001866
10.57	0.0001866
10.58	0.0001866
10.59	0.0001866
10.6	0.0001866
10.61	0.0001866
10.62	0.0001866
10.63	0.0001866
10.64	0.0001866
10.65	0.0001866
10.66	0.0001866
10.67	0.0001866
10.68	0.0001866
10.69	0.0001866
10.7	0.0001866
10.71	0.0001866
10.72	0.0001866
10.73	0.0001866
10.74	0.0001866
10.75	0.0001866
10.76	0.0001866
10.77	0.0001866
10.78	0.0001866
10.79	0.0001866
10.8	0.0001866
10.81	0.0001866
10.82	0.0001866
10.83	0.0001866
10.84	0.0001866
10.85	0.0001866
10.86	0.0001866
10.87	0.0001866
10.88	0.0001866
10.89	0.0001866
10.9	0.0001866
10.91	0.0001866
10.92	0.0001866
10.93	0.0001866
10.94	0.0001866
10.95	0.0001866
10.96	0.0001866
10.97	0.0001866
10.98	0.0001866
10.99	0.0001866
11	0.0001866
11.01	0.0001866
11.02	0.0001866
11.03	0.0001866
11.04	0.0001866
11.05	0.0001866
11.06	0.0001866
11.07	0.0001866
11.08	0.0001866
11.09	0.0001866
11.1	0.0001866
11.11	0.0001866
11.12	0.0001866
11.13	0.0001866
11.14	0.0001866
11.15	0.0001866
11.16	0.0001866
11.17	0.0001866
11.18	0.0001866
11.19	0.0001866
11.2	0.0001866
11.21	0.0001866
11.22	0.0001866
11.23	0.0001866
11.24	0.0001866
11.25	0.0001866
11.26	0.0001866
11.27	0.0001866
11.28	0.0001866
11.29	0.0001866
11.3	0.0001866
11.31	0.0001866
11.32	0.0001866
11.33	0.0001866
11.34	0.0001866
11.35	0.0001866
11.36	0.0001866
11.37	0.0001866
11.38	0.0001866
11.39	0.0001866
11.4	0.0001866
11.41	0.0001866
11.42	0.0001866
11.43	0.0001866
11.44	0.0001866
11.45	0.0001866
11.46	0.0001866
11.47	0.0001866
11.48	0.0001866
11.49	0.0001866
11.5	0.0001866
11.51	0.0001866
11.52	0.0001866
11.53	0.0001866
11.54	0.0001866
11.55	0.0001866
11.56	0.0001866
11.57	0.0001866
11.58	0.0001866
11.59	0.0001866
11.6	0.0001866
11.61	0.0001866
11.62	0.0001866
11.63	0.0001866
11.64	0.0001866
11.65	0.0001866
11.66	0.0001866
11.67	0.0001866
11.68	0.0001866
11.69	0.0001866
11.7	0.0001866
11.71	0.0001866
11.72	0.0001866
11.73	0.0001866
11.74	0.0001866
11.75	0.0001866
11.76	0.0001866
11.77	0.0001866
11.78	0.0001866
11.79	0.0001866
11.8	0.0001866
11.81	0.0001866
11.82	0.0001866
11.83	0.0001866
11.84	0.0001866
11.85	0.0001866
11.86	0.0001866
11.87	0.0001866
11.88	0.0001866
11.89	0.0001866
11.9	0.0001866
11.91	0.0001866
11.92	0.0001866
11.93	0.0001866
11.94	0.0001866
11.95	0.0001866
11.96	0.0001866
11.97	0.0001866
11.98	0.0001866
11.99	0.0001866
12	0.0001866
12.01	0.0001866
12.02	0.0001866
12.03	0.0001866
12.04	0.0001866
12.05	0.0001866
12.06	0.0001866
12.07	0.0001866
12.08	0.0001866
12.09	0.0001866
12.1	0.0001866
12.11	0.0001866
12.12	0.0001866
12.13	0.0001866
12.14	0.0001866
12.15	0.0001866
12.16	0.0001866
12.17	0.0001866
12.18	0.0001866
12.19	0.0001866
12.2	0.0001866
12.21	0.0001866
12.22	0.0001866
12.23	0.0001866
12.24	0.0001866
12.25	0.0001866
12.26	0.0001866
12.27	0.0001866
12.28	0.0001866
12.29	0.0001866
12.3	0.0001866
12.31	0.0001866
12.32	0.0001866
12.33	0.0001866
12.34	0.0001866
12.35	0.0001866
12.36	0.0001866
12.37	0.0001866
12.38	0.0001866
12.39	0.0001866
12.4	0.0001866
12.41	0.0001866
12.42	0.0001866
12.43	0.0001866
12.44	0.0001866
12.45	0.0001866
12.46	0.0001866
12.47	0.0001866
12.48	0.0001866
12.49	0.0001866
12.5	0.0001866
12.51	0.0001866
12.52	0.0001866
12.53	0.0001866
12.54	0.0001866
12.55	0.0001866
12.56	0.0001866
12.57	0.0001866
12.58	0.0001866
12.59	0.0001866
12.6	0.0001866
12.61	0.0001866
12.62	0.0001866
12.63	0.0001866
12.64	0.0001866
12.65	0.0001866
12.66	0.0001866
12.67	0.0001866
12.68	0.0001866
12.69	0.0001866
12.7	0.0001866
12.71	0.0001866
12.72	0.0001866
12.73	0.0001866
12.74	0.0001866
12.75	0.0001866
12.76	0.0001866
12.77	0.0001866
12.78	0.0001866
12.79	0.0001866
12.8	0.0001866
12.81	0.0001866
12.82	0.0001866
12.83	0.0001866
12.84	0.0001866
12.85	0.0001866
12.86	0.0001866
12.87	0.0001866
12.88	0.0001866
12.89	0.0001866
12.9	0.0001866
12.91	0.0001866
12.92	0.0001866
12.93	0.0001866
12.94	0.0001866
12.95	0.0001866
12.96	0.0001866
12.97	0.0001866
12.98	0.0001866
12.99	0.0001866
13	0.0001866
13.01	0.0001866
13.02	0.0001866
13.03	0.0001866
13.04	0.0001866
13.05	0.0001866
13.06	0.0001866
13.07	0.0001866
13.08	0.0001866
13.09	0.0001866
13.1	0.0001866
13.11	0.0001866
13.12	0.0001866
13.13	0.0001866
13.14	0.0001866
13.15	0.0001866
13.16	0.0001866
13.17	0.0001866
13.18	0.0001866
13.19	0.0001866
13.2	0.0001866
13.21	0.0001866
13.22	0.0001866
13.23	0.0001866
13.24	0.0001866
13.25	0.0001866
13.26	0.0001866
13.27	0.0001866
13.28	0.0001866
13.29	0.0001866
13.3	0.0001866
13.31	0.0001866
13.32	0.0001866
13.33	0.0001866
13.34	0.0001866
13.35	0.0001866
13.36	0.0001866
13.37	0.0001866
13.38	0.0001866
13.39	0.0001866
13.4	0.0001866
13.41	0.0001866
13.42	0.0001866
13.43	0.0001866
13.44	0.0001866
13.45	0.0001866
13.46	0.0001866
13.47	0.0001866
13.48	0.0001866
13.49	0.0001866
13.5	0.0001866
13.51	0.0001866
13.52	0.0001866
13.53	0.0001866
13.54	0.0001866
13.55	0.0001866
13.56	0.0001866
13.57	0.0001866
13.58	0.0001866
13.59	0.0001866
13.6	0.0001866
13.61	0.0001866
13.62	0.0001866
13.63	0.0001866
13.64	0.0001866
13.65	0.0001866
13.66	0.0001866
13.67	0.0001866
13.68	0.0001866
13.69	0.0001866
13.7	0.0001866
13.71	0.0001866
13.72	0.0001866
13.73	0.0001866
13.74	0.0001866
13.75	0.0001866
13.76	0.0001866
13.77	0.0001866
13.78	0.0001866
13.79	0.0001866
13.8	0.0001866
13.81	0.0001866
13.82	0.0001866
13.83	0.0001866
13.84	0.0001866
13.85	0.0001866
13.86	0.0001866
13.87	0.0001866
13.88	0.0001866
13.89	0.0001866
13.9	0.0001866
13.91	0.0001866
13.92	0.0001866
13.93	0.0001866
13.94	0.0001866
13.95	0.0001866
13.96	0.0001866
13.97	0.0001866
13.98	0.0001866
13.99	0.0001866
14	0.0001866
14.01	0.0001866
14.02	0.0001866
14.03	0.0001866
14.04	0.0001866
14.05	0.0001866
14.06	0.0001866
14.07	0.0001866
14.08	0.0001866
14.09	0.0001866
14.1	0.0001866
14.11	0.0001866
14.12	0.0001866
14.13	0.0001866
14.14	0.0001866
14.15	0.0001866
14.16	0.0001866
14.17	0.0001866
14.18	0.0001866
14.19	0.0001866
14.2	0.0001866
14.21	0.0001866
14.22	0.0001866
14.23	0.0001866
14.24	0.0001866
14.25	0.0001866
14.26	0.0001866
14.27	0.0001866
14.28	0.0001866
14.29	0.0001866
14.3	0.0001866
14.31	0.0001866
14.32	0.0001866
14.33	0.0001866
14.34	0.0001866
14.35	0.0001866
14.36	0.0001866
14.37	0.0001866
14.38	0.0001866
14.39	0.0001866
14.4	0.0001866
14.41	0.0001866
14.42	0.0001866
14.43	0.0001866
14.44	0.0001866
14.45	0.0001866
14.46	0.0001866
14.47	0.0001866
14.48	0.0001866
14.49	0.0001866
14.5	0.0001866
14.51	0.0001866
14.52	0.0001866
14.53	0.0001866
14.54	0.0001866
14.55	0.0001866
14.56	0.0001866
14.57	0.0001866
14.58	0.0001866
14.59	0.0001866
14.6	0.0001866
14.61	0.0001866
14.62	0.0001866
14.63	0.0001866
14.64	0.0001866
14.65	0.0001866
14.66	0.0001866
14.67	0.0001866
14.68	0.0001866
14.69	0.0001866
14.7	0.0001866
14.71	0.0001866
14.72	0.0001866
14.73	0.0001866
14.74	0.0001866
14.75	0.0001866
14.76	0.0001866
14.77	0.0001866
14.78	0.0001866
14.79	0.0001866
14.8	0.0001866
14.81	0.0001866
14.82	0.0001866
14.83	0.0001866
14.84	0.0001866
14.85	0.0001866
14.86	0.0001866
14.87	0.0001866
14.88	0.0001866
14.89	0.0001866
14.9	0.0001866
14.91	0.0001866
14.92	0.0001866
14.93	0.0001866
14.94	0.0001866
14.95	0.0001866
14.96	0.0001866
14.97	0.0001866
14.98	0.0001866
14.99	0.0001866
15	0.0001866
15.01	0.0001866
15.02	0.0001866
15.03	0.0001866
15.04	0.0001866
15.05	0.0001866
15.06	0.0001866
15.07	0.0001866
15.08	0.0001866
15.09	0.0001866
15.1	0.0001866
15.11	0.0001866
15.12	0.0001866
15.13	0.0001866
15.14	0.0001866
15.15	0.0001866
15.16	0.0001866
15.17	0.0001866
15.18	0.0001866
15.19	0.0001866
15.2	0.0001866
15.21	0.0001866
15.22	0.0001866
15.23	0.0001866
15.24	0.0001866
15.25	0.0001866
15.26	0.0001866
15.27	0.0001866
15.28	0.0001866
15.29	0.0001866
15.3	0.0001866
15.31	0.0001866
15.32	0.0001866
15.33	0.0001866
15.34	0.0001866
15.35	0.0001866
15.36	0.0001866
15.37	0.0001866
15.38	0.0001866
15.39	0.0001866
15.4	0.0001866
15.41	0.0001866
15.42	0.0001866
15.43	0.0001866
15.44	0.0001866
15.45	0.0001866
15.46	0.0001866
15.47	0.0001866
15.48	0.0001866
15.49	0.0001866
15.5	0.0001866
15.51	0.0001866
15.52	0.0001866
15.53	0.0001866
15.54	0.0001866
15.55	0.0001866
15.56	0.0001866
15.57	0.0001866
15.58	0.0001866
15.59	0.0001866
15.6	0.0001866
15.61	0.0001866
15.62	0.0001866
15.63	0.0001866
15.64	0.0001866
15.65	0.0001866
15.66	0.0001866
15.67	0.0001866
15.68	0.0001866
15.69	0.0001866
15.7	0.0001866
15.71	0.0001866
15.72	0.0001866
15.73	0.0001866
15.74	0.0001866
15.75	0.0001866
15.76	0.0001866
15.77	0.0001866
15.78	0.0001866
15.79	0.0001866
15.8	0.0001866
15.81	0.0001866
15.82	0.0001866
15.83	0.0001866
15.84	0.0001866
15.85	0.0001866
15.86	0.0001866
15.87	0.0001866
15.88	0.0001866
15.89	0.0001866
15.9	0.0001866
15.91	0.0001866
15.92	0.0001866
15.93	0.0001866
15.94	0.0001866
15.95	0.0001866
15.96	0.0001866
15.97	0.0001866
15.98	0.0001866
15.99	0.0001866
16	0.0001866
16.01	0.0001866
16.02	0.0001866
16.03	0.0001866
16.04	0.0001866
16.05	0.0001866
16.06	0.0001866
16.07	0.0001866
16.08	0.0001866
16.09	0.0001866
16.1	0.0001866
16.11	0.0001866
16.12	0.0001866
16.13	0.0001866
16.14	0.0001866
16.15	0.0001866
16.16	0.0001866
16.17	0.0001866
16.18	0.0001866
16.19	0.0001866
16.2	0.0001866
16.21	0.0001866
16.22	0.0001866
16.23	0.0001866
16.24	0.0001866
16.25	0.0001866
16.26	0.0001866
16.27	0.0001866
16.28	0.0001866
16.29	0.0001866
16.3	0.0001866
16.31	0.0001866
16.32	0.0001866
16.33	0.0001866
16.34	0.0001866
16.35	0.0001866
16.36	0.0001866
16.37	0.0001866
16.38	0.0001866
16.39	0.0001866
16.4	0.0001866
16.41	0.0001866
16.42	0.0001866
16.43	0.0001866
16.44	0.0001866
16.45	0.0001866
16.46	0.0001866
16.47	0.0001866
16.48	0.0001866
16.49	0.0001866
16.5	0.0001866
16.51	0.0001866
16.52	0.0001866
16.53	0.0001866
16.54	0.0001866
16.55	0.0001866
16.56	0.0001866
16.57	0.0001866
16.58	0.0001866
16.59	0.0001866
16.6	0.0001866
16.61	0.0001866
16.62	0.0001866
16.63	0.0001866
16.64	0.0001866
16.65	0.0001866
16.66	0.0001866
16.67	0.0001866
16.68	0.0001866
16.69	0.0001866
16.7	0.0001866
16.71	0.0001866
16.72	0.0001866
16.73	0.0001866
16.74	0.0001866
16.75	0.0001866
16.76	0.0001866
16.77	0.0001866
16.78	0.0001866
16.79	0.0001866
16.8	0.0001866
16.81	0.0001866
16.82	0.0001866
16.83	0.0001866
16.84	0.0001866
16.85	0.0001866
16.86	0.0001866
16.87	0.0001866
16.88	0.0001866
16.89	0.0001866
16.9	0.0001866
16.91	0.0001866
16.92	0.0001866
16.93	0.0001866
16.94	0.0001866
16.95	0.0001866
16.96	0.0001866
16.97	0.0001866
16.98	0.0001866
16.99	0.0001866
17	0.0001866
17.01	0.0001866
17.02	0.0001866
17.03	0.0001866
17.04	0.0001866
17.05	0.0001866
17.06	0.0001866
17.07	0.0001866
17.08	0.0001866
17.09	0.0001866
17.1	0.0001866
17.11	0.0001866
17.12	0.0001866
17.13	0.0001866
17.14	0.0001866
17.15	0.0001866
17.16	0.0001866
17.17	0.0001866
17.18	0.0001866
17.19	0.0001866
17.2	0.0001866
17.21	0.0001866
17.22	0.0001866
17.23	0.0001866
17.24	0.0001866
17.25	0.0001866
17.26	0.0001866
17.27	0.0001866
17.28	0.0001866
17.29	0.0001866
17.3	0.0001866
17.31	0.0001866
17.32	0.0001866
17.33	0.0001866
17.34	0.0001866
17.35	0.0001866
17.36	0.0001866
17.37	0.0001866
17.38	0.0001866
17.39	0.0001866
17.4	0.0001866
17.41	0.0001866
17.42	0.0001866
17.43	0.0001866
17.44	0.0001866
17.45	0.0001866
17.46	0.0001866
17.47	0.0001866
17.48	0.0001866
17.49	0.0001866
17.5	0.0001866
17.51	0.0001866
17.52	0.0001866
17.53	0.0001866
17.54	0.0001866
17.55	0.0001866
17.56	0.0001866
17.57	0.0001866
17.58	0.0001866
17.59	0.0001866
17.6	0.0001866
17.61	0.0001866
17.62	0.0001866
17.63	0.0001866
17.64	0.0001866
17.65	0.0001866
17.66	0.0001866
17.67	0.0001866
17.68	0.0001866
17.69	0.0001866
17.7	0.0001866
17.71	0.0001866
17.72	0.0001866
17.73	0.0001866
17.74	0.0001866
17.75	0.0001866
17.76	0.0001866
17.77	0.0001866
17.78	0.0001866
17.79	0.0001866
17.8	0.0001866
17.81	0.0001866
17.82	0.0001866
17.83	0.0001866
17.84	0.0001866
17.85	0.0001866
17.86	0.0001866
17.87	0.0001866
17.88	0.0001866
17.89	0.0001866
17.9	0.0001866
17.91	0.0001866
17.92	0.0001866
17.93	0.0001866
17.94	0.0001866
17.95	0.0001866
17.96	0.0001866
17.97	0.0001866
17.98	0.0001866
17.99	0.0001866
18	0.0001866
18.01	0.0001866
18.02	0.0001866
18.03	0.0001866
18.04	0.0001866
18.05	0.0001866
18.06	0.0001866
18.07	0.0001866
18.08	0.0001866
18.09	0.0001866
18.1	0.0001866
18.11	0.0001866
18.12	0.0001866
18.13	0.0001866
18.14	0.0001866
18.15	0.0001866
18.16	0.0001866
18.17	0.0001866
18.18	0.0001866
18.19	0.0001866
18.2	0.0001866
18.21	0.0001866
18.22	0.0001866
18.23	0.0001866
18.24	0.0001866
18.25	0.0001866
18.26	0.0001866
18.27	0.0001866
18.28	0.0001866
18.29	0.0001866
18.3	0.0001866
18.31	0.0001866
18.32	0.0001866
18.33	0.0001866
18.34	0.0001866
18.35	0.0001866
18.36	0.0001866
18.37	0.0001866
18.38	0.0001866
18.39	0.0001866
18.4	0.0001866
18.41	0.0001866
18.42	0.0001866
18.43	0.0001866
18.44	0.0001866
18.45	0.0001866
18.46	0.0001866
18.47	0.0001866
18.48	0.0001866
18.49	0.0001866
18.5	0.0001866
18.51	0.0001866
18.52	0.0001866
18.53	0.0001866
18.54	0.0001866
18.55	0.0001866
18.56	0.0001866
18.57	0.0001866
18.58	0.0001866
18.59	0.0001866
18.6	0.0001866
18.61	0.0001866
18.62	0.0001866
18.63	0.0001866
18.64	0.0001866
18.65	0.0001866
18.66	0.0001866
18.67	0.0001866
18.68	0.0001866
18.69	0.0001866
18.7	0.0001866
18.71	0.0001866
18.72	0.0001866
18.73	0.0001866
18.74	0.0001866
18.75	0.0001866
18.76	0.0001866
18.77	0.0001866
18.78	0.0001866
18.79	0.0001866
18.8	0.0001866
18.81	0.0001866
18.82	0.0001866
18.83	0.0001866
18.84	0.0001866
18.85	0.0001866
18.86	0.0001866
18.87	0.0001866
18.88	0.0001866
18.89	0.0001866
18.9	0.0001866
18.91	0.0001866
18.92	0.0001866
18.93	0.0001866
18.94	0.0001866
18.95	0.0001866
18.96	0.0001866
18.97	0.0001866
18.98	0.0001866
18.99	0.0001866
19	0.0001866
19.01	0.0001866
19.02	0.0001866
19.03	0.0001866
19.04	0.0001866
19.05	0.0001866
19.06	0.0001866
19.07	0.0001866
19.08	0.0001866
19.09	0.0001866
19.1	0.0001866
19.11	0.0001866
19.12	0.0001866
19.13	0.0001866
19.14	0.0001866
19.15	0.0001866
19.16	0.0001866
19.17	0.0001866
19.18	0.0001866
19.19	0.0001866
19.2	0.0001866
19.21	0.0001866
19.22	0.0001866
19.23	0.0001866
19.24	0.0001866
19.25	0.0001866
19.26	0.0001866
19.27	0.0001866
19.28	0.0001866
19.29	0.0001866
19.3	0.0001866
19.31	0.0001866
19.32	0.0001866
19.33	0.0001866
19.34	0.0001866
19.35	0.0001866
19.36	0.0001866
19.37	0.0001866
19.38	0.0001866
19.39	0.0001866
19.4	0.0001866
19.41	0.0001866
19.42	0.0001866
19.43	0.0001866
19.44	0.0001866
19.45	0.0001866
19.46	0.0001866
19.47	0.0001866
19.48	0.0001866
19.49	0.0001866
19.5	0.0001866
19.51	0.0001866
19.52	0.0001866
19.53	0.0001866
19.54	0.0001866
19.55	0.0001866
19.56	0.0001866
19.57	0.0001866
19.58	0.0001866
19.59	0.0001866
19.6	0.0001866
19.61	0.0001866
19.62	0.0001866
19.63	0.0001866
19.64	0.0001866
19.65	0.0001866
19.66	0.0001866
19.67	0.0001866
19.68	0.0001866
19.69	0.0001866
19.7	0.0001866
19.71	0.0001866
19.72	0.0001866
19.73	0.0001866
19.74	0.0001866
19.75	0.0001866
19.76	0.0001866
19.77	0.0001866
19.78	0.0001866
19.79	0.0001866
19.8	0.0001866
19.81	0.0001866
19.82	0.0001866
19.83	0.0001866
19.84	0.0001866
19.85	0.0001866
19.86	0.0001866
19.87	0.0001866
19.88	0.0001866
19.89	0.0001866
19.9	0.0001866
19.91	0.0001866
19.92	0.0001866
19.93	0.0001866
19.94	0.0001866
19.95	0.0001866
19.96	0.0001866
19.97	0.0001866
19.98	0.0001866
19.99	0.00093301
20	0.00093301
20.01	0.00093301
20.02	0.00093301
20.03	0.00093301
20.04	0.00093301
20.05	0.00093301
20.06	0.00093301
20.07	0.00093301
20.08	0.00093301
20.09	0.00093301
20.1	0.00093301
20.11	0.00093301
20.12	0.00093301
20.13	0.00093301
20.14	0.00093301
20.15	0.00093301
20.16	0.00093301
20.17	0.00093301
20.18	0.00093301
20.19	0.00093301
20.2	0.00093301
20.21	0.00093301
20.22	0.00093301
20.23	0.00093301
20.24	0.00093301
20.25	0.00093301
20.26	0.00093301
20.27	0.00093301
20.28	0.00093301
20.29	0.00093301
20.3	0.00093301
20.31	0.00093301
20.32	0.00093301
20.33	0.00093301
20.34	0.00093301
20.35	0.00093301
20.36	0.00093301
20.37	0.00093301
20.38	0.00093301
20.39	0.00093301
20.4	0.00093301
20.41	0.00093301
20.42	0.00093301
20.43	0.00093301
20.44	0.00093301
20.45	0.00093301
20.46	0.00093301
20.47	0.00093301
20.48	0.00093301
20.49	0.00093301
20.5	0.00093301
20.51	0.00093301
20.52	0.00093301
20.53	0.00093301
20.54	0.00093301
20.55	0.00093301
20.56	0.00093301
20.57	0.00093301
20.58	0.00093301
20.59	0.00093301
20.6	0.00093301
20.61	0.00093301
20.62	0.00093301
20.63	0.00093301
20.64	0.00093301
20.65	0.00093301
20.66	0.00093301
20.67	0.00093301
20.68	0.00093301
20.69	0.00093301
20.7	0.00093301
20.71	0.00093301
20.72	0.00093301
20.73	0.00093301
20.74	0.00093301
20.75	0.00093301
20.76	0.00093301
20.77	0.00093301
20.78	0.00093301
20.79	0.00093301
20.8	0.00093301
20.81	0.00093301
20.82	0.00093301
20.83	0.00093301
20.84	0.00093301
20.85	0.00093301
20.86	0.00093301
20.87	0.00093301
20.88	0.00093301
20.89	0.00093301
20.9	0.00093301
20.91	0.00093301
20.92	0.00093301
20.93	0.00093301
20.94	0.00093301
20.95	0.00093301
20.96	0.00093301
20.97	0.00093301
20.98	0.00093301
20.99	0.00093301
21	0.00093301
21.01	0.00093301
21.02	0.00093301
21.03	0.00093301
21.04	0.00093301
21.05	0.00093301
21.06	0.00093301
21.07	0.00093301
21.08	0.00093301
21.09	0.00093301
21.1	0.00093301
21.11	0.00093301
21.12	0.00093301
21.13	0.00093301
21.14	0.00093301
21.15	0.00093301
21.16	0.00093301
21.17	0.00093301
21.18	0.00093301
21.19	0.00093301
21.2	0.00093301
21.21	0.00093301
21.22	0.00093301
21.23	0.00093301
21.24	0.00093301
21.25	0.00093301
21.26	0.00093301
21.27	0.00093301
21.28	0.00093301
21.29	0.00093301
21.3	0.00093301
21.31	0.00093301
21.32	0.00093301
21.33	0.00093301
21.34	0.00093301
21.35	0.00093301
21.36	0.00093301
21.37	0.00093301
21.38	0.00093301
21.39	0.00093301
21.4	0.00093301
21.41	0.00093301
21.42	0.00093301
21.43	0.00093301
21.44	0.00093301
21.45	0.00093301
21.46	0.00093301
21.47	0.00093301
21.48	0.00093301
21.49	0.00093301
21.5	0.00093301
21.51	0.00093301
21.52	0.00093301
21.53	0.00093301
21.54	0.00093301
21.55	0.00093301
21.56	0.00093301
21.57	0.00093301
21.58	0.00093301
21.59	0.00093301
21.6	0.00093301
21.61	0.00093301
21.62	0.00093301
21.63	0.0016794
21.64	0.0016794
21.65	0.0016794
21.66	0.0016794
21.67	0.0016794
21.68	0.0016794
21.69	0.0016794
21.7	0.0016794
21.71	0.0016794
21.72	0.0016794
21.73	0.0016794
21.74	0.0016794
21.75	0.0016794
21.76	0.0016794
21.77	0.0016794
21.78	0.0016794
21.79	0.0016794
21.8	0.0016794
21.81	0.0016794
21.82	0.0016794
21.83	0.0016794
21.84	0.0016794
21.85	0.0016794
21.86	0.0016794
21.87	0.0016794
21.88	0.0016794
21.89	0.0016794
21.9	0.0016794
21.91	0.0016794
21.92	0.0016794
21.93	0.0016794
21.94	0.0016794
21.95	0.0016794
21.96	0.0016794
21.97	0.0016794
21.98	0.0016794
21.99	0.0016794
22	0.0016794
22.01	0.0016794
22.02	0.0016794
22.03	0.0016794
22.04	0.0016794
22.05	0.0016794
22.06	0.0016794
22.07	0.0016794
22.08	0.0016794
22.09	0.0016794
22.1	0.0016794
22.11	0.0016794
22.12	0.0016794
22.13	0.0016794
22.14	0.0016794
22.15	0.0016794
22.16	0.0016794
22.17	0.0016794
22.18	0.0016794
22.19	0.0016794
22.2	0.0016794
22.21	0.0016794
22.22	0.0016794
22.23	0.0016794
22.24	0.0016794
22.25	0.0016794
22.26	0.0016794
22.27	0.0016794
22.28	0.0016794
22.29	0.0016794
22.3	0.0016794
22.31	0.0016794
22.32	0.0016794
22.33	0.0016794
22.34	0.0016794
22.35	0.0016794
22.36	0.0016794
22.37	0.0016794
22.38	0.0016794
22.39	0.0016794
22.4	0.0016794
22.41	0.0016794
22.42	0.0016794
22.43	0.0016794
22.44	0.0016794
22.45	0.0016794
22.46	0.0016794
22.47	0.0016794
22.48	0.0016794
22.49	0.0016794
22.5	0.0016794
22.51	0.0016794
22.52	0.0016794
22.53	0.0016794
22.54	0.0016794
22.55	0.0016794
22.56	0.0016794
22.57	0.0016794
22.58	0.0016794
22.59	0.0016794
22.6	0.0016794
22.61	0.0016794
22.62	0.0016794
22.63	0.0016794
22.64	0.0016794
22.65	0.0016794
22.66	0.0016794
22.67	0.0016794
22.68	0.0016794
22.69	0.0016794
22.7	0.0016794
22.71	0.0016794
22.72	0.0016794
22.73	0.0016794
22.74	0.0016794
22.75	0.0016794
22.76	0.0016794
22.77	0.0016794
22.78	0.0016794
22.79	0.0016794
22.8	0.0016794
22.81	0.0016794
22.82	0.0016794
22.83	0.0016794
22.84	0.0016794
22.85	0.0016794
22.86	0.0016794
22.87	0.0016794
22.88	0.0016794
22.89	0.0016794
22.9	0.0024258
22.91	0.0024258
22.92	0.0024258
22.93	0.0024258
22.94	0.0024258
22.95	0.0024258
22.96	0.0024258
22.97	0.0024258
22.98	0.0024258
22.99	0.0024258
23	0.0024258
23.01	0.0024258
23.02	0.0024258
23.03	0.0024258
23.04	0.0024258
23.05	0.0024258
23.06	0.0024258
23.07	0.0024258
23.08	0.0024258
23.09	0.0024258
23.1	0.0024258
23.11	0.0024258
23.12	0.0024258
23.13	0.0024258
23.14	0.0024258
23.15	0.0024258
23.16	0.0024258
23.17	0.0024258
23.18	0.0024258
23.19	0.0024258
23.2	0.0024258
23.21	0.0024258
23.22	0.0024258
23.23	0.0024258
23.24	0.0024258
23.25	0.0024258
23.26	0.0024258
23.27	0.0024258
23.28	0.0024258
23.29	0.0024258
23.3	0.0024258
23.31	0.0024258
23.32	0.0024258
23.33	0.0024258
23.34	0.0024258
23.35	0.0024258
23.36	0.0024258
23.37	0.0024258
23.38	0.0024258
23.39	0.0024258
23.4	0.0024258
23.41	0.0024258
23.42	0.0024258
23.43	0.0024258
23.44	0.0024258
23.45	0.0024258
23.46	0.0024258
23.47	0.0024258
23.48	0.0024258
23.49	0.0024258
23.5	0.0024258
23.51	0.0024258
23.52	0.0024258
23.53	0.0024258
23.54	0.0024258
23.55	0.0024258
23.56	0.0024258
23.57	0.0024258
23.58	0.0024258
23.59	0.0024258
23.6	0.0024258
23.61	0.0024258
23.62	0.0024258
23.63	0.0024258
23.64	0.0024258
23.65	0.0024258
23.66	0.0024258
23.67	0.0024258
23.68	0.0024258
23.69	0.0024258
23.7	0.0024258
23.71	0.0024258
23.72	0.0024258
23.73	0.0024258
23.74	0.0029856
23.75	0.0039186
23.76	0.0039186
23.77	0.0039186
23.78	0.0039186
23.79	0.0039186
23.8	0.0039186
23.81	0.0039186
23.82	0.0039186
23.83	0.0039186
23.84	0.0039186
23.85	0.0039186
23.86	0.0039186
23.87	0.0039186
23.88	0.0039186
23.89	0.0039186
23.9	0.0039186
23.91	0.0039186
23.92	0.0039186
23.93	0.0039186
23.94	0.0039186
23.95	0.0039186
23.96	0.0039186
23.97	0.0039186
23.98	0.0039186
23.99	0.0039186
24	0.0039186
24.01	0.0039186
24.02	0.0039186
24.03	0.0039186
24.04	0.0039186
24.05	0.0039186
24.06	0.0039186
24.07	0.0039186
24.08	0.0039186
24.09	0.0039186
24.1	0.0039186
24.11	0.0039186
24.12	0.0039186
24.13	0.0039186
24.14	0.0039186
24.15	0.0039186
24.16	0.0039186
24.17	0.0039186
24.18	0.0039186
24.19	0.0039186
24.2	0.0039186
24.21	0.0039186
24.22	0.0039186
24.23	0.0039186
24.24	0.0039186
24.25	0.0039186
24.26	0.0039186
24.27	0.0039186
24.28	0.0039186
24.29	0.0039186
24.3	0.0039186
24.31	0.0039186
24.32	0.0039186
24.33	0.0039186
24.34	0.0039186
24.35	0.0039186
24.36	0.0039186
24.37	0.0039186
24.38	0.0039186
24.39	0.0039186
24.4	0.0039186
24.41	0.0039186
24.42	0.0039186
24.43	0.0039186
24.44	0.0039186
24.45	0.0039186
24.46	0.0039186
24.47	0.0039186
24.48	0.0039186
24.49	0.0039186
24.5	0.0039186
24.51	0.0039186
24.52	0.0039186
24.53	0.0039186
24.54	0.0039186
24.55	0.0039186
24.56	0.0039186
24.57	0.0039186
24.58	0.0039186
24.59	0.0039186
24.6	0.0039186
24.61	0.0039186
24.62	0.0039186
24.63	0.0039186
24.64	0.0039186
24.65	0.0039186
24.66	0.0039186
24.67	0.0039186
24.68	0.0039186
24.69	0.0039186
24.7	0.0039186
24.71	0.0039186
24.72	0.0039186
24.73	0.0039186
24.74	0.0039186
24.75	0.0039186
24.76	0.0039186
24.77	0.0039186
24.78	0.0039186
24.79	0.0039186
24.8	0.0039186
24.81	0.0039186
24.82	0.0039186
24.83	0.0039186
24.84	0.0039186
24.85	0.0039186
24.86	0.0039186
24.87	0.0039186
24.88	0.0039186
24.89	0.0039186
24.9	0.0039186
24.91	0.0039186
24.92	0.0039186
24.93	0.0039186
24.94	0.0039186
24.95	0.0039186
24.96	0.0039186
24.97	0.0039186
24.98	0.0039186
24.99	0.0039186
25	0.0039186
25.01	0.0039186
25.02	0.0039186
25.03	0.0039186
25.04	0.0039186
25.05	0.0039186
25.06	0.0039186
25.07	0.0039186
25.08	0.0039186
25.09	0.0039186
25.1	0.0039186
25.11	0.0039186
25.12	0.0039186
25.13	0.0039186
25.14	0.0039186
25.15	0.0039186
25.16	0.0039186
25.17	0.0039186
25.18	0.0039186
25.19	0.0039186
25.2	0.0039186
25.21	0.0039186
25.22	0.0039186
25.23	0.0039186
25.24	0.004665
25.25	0.004665
25.26	0.004665
25.27	0.004665
25.28	0.004665
25.29	0.004665
25.3	0.004665
25.31	0.004665
25.32	0.004665
25.33	0.004665
25.34	0.004665
25.35	0.004665
25.36	0.004665
25.37	0.004665
25.38	0.004665
25.39	0.004665
25.4	0.004665
25.41	0.004665
25.42	0.0054115
25.43	0.0054115
25.44	0.0054115
25.45	0.0054115
25.46	0.0054115
25.47	0.0054115
25.48	0.0054115
25.49	0.0054115
25.5	0.0054115
25.51	0.0054115
25.52	0.0054115
25.53	0.0054115
25.54	0.0054115
25.55	0.0054115
25.56	0.0054115
25.57	0.0054115
25.58	0.0054115
25.59	0.0054115
25.6	0.0054115
25.61	0.0054115
25.62	0.0054115
25.63	0.0054115
25.64	0.0054115
25.65	0.0054115
25.66	0.0054115
25.67	0.0054115
25.68	0.0054115
25.69	0.0054115
25.7	0.0054115
25.71	0.0054115
25.72	0.0054115
25.73	0.0054115
25.74	0.0054115
25.75	0.0054115
25.76	0.0054115
25.77	0.0054115
25.78	0.0054115
25.79	0.0054115
25.8	0.0054115
25.81	0.0054115
25.82	0.0054115
25.83	0.0054115
25.84	0.0054115
25.85	0.0054115
25.86	0.0054115
25.87	0.0054115
25.88	0.0054115
25.89	0.0065311
25.9	0.0069043
25.91	0.0069043
25.92	0.0069043
25.93	0.0069043
25.94	0.0069043
25.95	0.0069043
25.96	0.0069043
25.97	0.0069043
25.98	0.0069043
25.99	0.0069043
26	0.0069043
26.01	0.0069043
26.02	0.0069043
26.03	0.0069043
26.04	0.0069043
26.05	0.0069043
26.06	0.0069043
26.07	0.0069043
26.08	0.0069043
26.09	0.0069043
26.1	0.0069043
26.11	0.0069043
26.12	0.0069043
26.13	0.0069043
26.14	0.0069043
26.15	0.0069043
26.16	0.0069043
26.17	0.0069043
26.18	0.0069043
26.19	0.0069043
26.2	0.0069043
26.21	0.0069043
26.22	0.0069043
26.23	0.0069043
26.24	0.0069043
26.25	0.0069043
26.26	0.0069043
26.27	0.0069043
26.28	0.0069043
26.29	0.0069043
26.3	0.0069043
26.31	0.0069043
26.32	0.0069043
26.33	0.0069043
26.34	0.0069043
26.35	0.0069043
26.36	0.0069043
26.37	0.0069043
26.38	0.0069043
26.39	0.0069043
26.4	0.0069043
26.41	0.0069043
26.42	0.0069043
26.43	0.0069043
26.44	0.0069043
26.45	0.0069043
26.46	0.0069043
26.47	0.0069043
26.48	0.0069043
26.49	0.0069043
26.5	0.0069043
26.51	0.0069043
26.52	0.0069043
26.53	0.0069043
26.54	0.0069043
26.55	0.0069043
26.56	0.0069043
26.57	0.0069043
26.58	0.0069043
26.59	0.0069043
26.6	0.0069043
26.61	0.0069043
26.62	0.0069043
26.63	0.0069043
26.64	0.0069043
26.65	0.0069043
26.66	0.0069043
26.67	0.0069043
26.68	0.0069043
26.69	0.0069043
26.7	0.0069043
26.71	0.0069043
26.72	0.0069043
26.73	0.0069043
26.74	0.0069043
26.75	0.0069043
26.76	0.0069043
26.77	0.0069043
26.78	0.0069043
26.79	0.0069043
26.8	0.0069043
26.81	0.0069043
26.82	0.0069043
26.83	0.0069043
26.84	0.0069043
26.85	0.0069043
26.86	0.0069043
26.87	0.0069043
26.88	0.0069043
26.89	0.0069043
26.9	0.0069043
26.91	0.0083971
26.92	0.0083971
26.93	0.0083971
26.94	0.0083971
26.95	0.0083971
26.96	0.0083971
26.97	0.0083971
26.98	0.0083971
26.99	0.0083971
27	0.0083971
27.01	0.0083971
27.02	0.0083971
27.03	0.0083971
27.04	0.0083971
27.05	0.0083971
27.06	0.0083971
27.07	0.0083971
27.08	0.0083971
27.09	0.0083971
27.1	0.0083971
27.11	0.0083971
27.12	0.0083971
27.13	0.0083971
27.14	0.0083971
27.15	0.0083971
27.16	0.0083971
27.17	0.0083971
27.18	0.0083971
27.19	0.0083971
27.2	0.0083971
27.21	0.0083971
27.22	0.0083971
27.23	0.0083971
27.24	0.0083971
27.25	0.0083971
27.26	0.0083971
27.27	0.0083971
27.28	0.0083971
27.29	0.0083971
27.3	0.0083971
27.31	0.0083971
27.32	0.0083971
27.33	0.0083971
27.34	0.0083971
27.35	0.0083971
27.36	0.0083971
27.37	0.0083971
27.38	0.0083971
27.39	0.0083971
27.4	0.0083971
27.41	0.0083971
27.42	0.0083971
27.43	0.0083971
27.44	0.0083971
27.45	0.0083971
27.46	0.0083971
27.47	0.0083971
27.48	0.0083971
27.49	0.0083971
27.5	0.0083971
27.51	0.0083971
27.52	0.0083971
27.53	0.0083971
27.54	0.0083971
27.55	0.0083971
27.56	0.0083971
27.57	0.0089569
27.58	0.0091435
27.59	0.0091435
27.6	0.0091435
27.61	0.0091435
27.62	0.0091435
27.63	0.0091435
27.64	0.0091435
27.65	0.0091435
27.66	0.0091435
27.67	0.0091435
27.68	0.0091435
27.69	0.0091435
27.7	0.0091435
27.71	0.0091435
27.72	0.0091435
27.73	0.0091435
27.74	0.0091435
27.75	0.0091435
27.76	0.0091435
27.77	0.0091435
27.78	0.0091435
27.79	0.0091435
27.8	0.0091435
27.81	0.0091435
27.82	0.0091435
27.83	0.0091435
27.84	0.0091435
27.85	0.0091435
27.86	0.0091435
27.87	0.01045
27.88	0.010636
27.89	0.010636
27.9	0.010636
27.91	0.010636
27.92	0.010636
27.93	0.010636
27.94	0.010636
27.95	0.010636
27.96	0.010636
27.97	0.010636
27.98	0.010636
27.99	0.010636
28	0.010636
28.01	0.010636
28.02	0.010636
28.03	0.010636
28.04	0.010636
28.05	0.010636
28.06	0.010636
28.07	0.010636
28.08	0.010636
28.09	0.010636
28.1	0.010636
28.11	0.010636
28.12	0.010636
28.13	0.010636
28.14	0.010636
28.15	0.010636
28.16	0.010636
28.17	0.010636
28.18	0.010636
28.19	0.010636
28.2	0.010636
28.21	0.011383
28.22	0.011383
28.23	0.011383
28.24	0.011383
28.25	0.011383
28.26	0.011383
28.27	0.011383
28.28	0.011383
28.29	0.011383
28.3	0.011383
28.31	0.011383
28.32	0.011383
28.33	0.011383
28.34	0.011383
28.35	0.011383
28.36	0.011383
28.37	0.011383
28.38	0.011383
28.39	0.011383
28.4	0.011383
28.41	0.011383
28.42	0.011383
28.43	0.011383
28.44	0.011383
28.45	0.011383
28.46	0.011383
28.47	0.011383
28.48	0.011383
28.49	0.011383
28.5	0.011383
28.51	0.011383
28.52	0.011383
28.53	0.011383
28.54	0.011383
28.55	0.011383
28.56	0.011383
28.57	0.011383
28.58	0.011383
28.59	0.011383
28.6	0.011383
28.61	0.012689
28.62	0.012876
28.63	0.012876
28.64	0.012876
28.65	0.012876
28.66	0.012876
28.67	0.012876
28.68	0.012876
28.69	0.012876
28.7	0.012876
28.71	0.012876
28.72	0.012876
28.73	0.012876
28.74	0.012876
28.75	0.012876
28.76	0.012876
28.77	0.012876
28.78	0.012876
28.79	0.012876
28.8	0.012876
28.81	0.012876
28.82	0.012876
28.83	0.012876
28.84	0.012876
28.85	0.012876
28.86	0.012876
28.87	0.012876
28.88	0.012876
28.89	0.012876
28.9	0.012876
28.91	0.012876
28.92	0.012876
28.93	0.012876
28.94	0.012876
28.95	0.012876
28.96	0.012876
28.97	0.012876
28.98	0.012876
28.99	0.012876
29	0.012876
29.01	0.012876
29.02	0.012876
29.03	0.012876
29.04	0.012876
29.05	0.012876
29.06	0.012876
29.07	0.012876
29.08	0.012876
29.09	0.012876
29.1	0.012876
29.11	0.012876
29.12	0.012876
29.13	0.012876
29.14	0.012876
29.15	0.012876
29.16	0.012876
29.17	0.012876
29.18	0.012876
29.19	0.012876
29.2	0.012876
29.21	0.012876
29.22	0.012876
29.23	0.012876
29.24	0.012876
29.25	0.012876
29.26	0.012876
29.27	0.012876
29.28	0.012876
29.29	0.012876
29.3	0.012876
29.31	0.012876
29.32	0.012876
29.33	0.012876
29.34	0.012876
29.35	0.012876
29.36	0.012876
29.37	0.012876
29.38	0.012876
29.39	0.012876
29.4	0.012876
29.41	0.012876
29.42	0.012876
29.43	0.012876
29.44	0.012876
29.45	0.012876
29.46	0.012876
29.47	0.012876
29.48	0.012876
29.49	0.013435
29.5	0.013435
29.51	0.013622
29.52	0.013622
29.53	0.013622
29.54	0.013622
29.55	0.013622
29.56	0.013622
29.57	0.013622
29.58	0.013622
29.59	0.013622
29.6	0.013622
29.61	0.014742
29.62	0.015115
29.63	0.015115
29.64	0.015115
29.65	0.015115
29.66	0.015115
29.67	0.015115
29.68	0.015115
29.69	0.016234
29.7	0.016421
29.71	0.016608
29.72	0.016608
29.73	0.016608
29.74	0.016608
29.75	0.016608
29.76	0.016608
29.77	0.016608
29.78	0.016608
29.79	0.016608
29.8	0.016608
29.81	0.016608
29.82	0.016608
29.83	0.016608
29.84	0.016608
29.85	0.016608
29.86	0.016608
29.87	0.016608
29.88	0.016608
29.89	0.016608
29.9	0.016608
29.91	0.016608
29.92	0.016608
29.93	0.016608
29.94	0.016608
29.95	0.016608
29.96	0.016608
29.97	0.016608
29.98	0.016608
29.99	0.016608
30	0.016608
30.01	0.016608
30.02	0.016608
30.03	0.016608
30.04	0.016608
30.05	0.016608
30.06	0.016608
30.07	0.016608
30.08	0.016608
30.09	0.016608
30.1	0.016608
30.11	0.016608
30.12	0.016608
30.13	0.016608
30.14	0.016608
30.15	0.016608
30.16	0.016608
30.17	0.016608
30.18	0.016608
30.19	0.016608
30.2	0.016608
30.21	0.016608
30.22	0.016608
30.23	0.017541
30.24	0.017914
30.25	0.017914
30.26	0.0181
30.27	0.0181
30.28	0.0181
30.29	0.0181
30.3	0.0181
30.31	0.0181
30.32	0.0181
30.33	0.0181
30.34	0.0181
30.35	0.0181
30.36	0.0181
30.37	0.0181
30.38	0.0181
30.39	0.0181
30.4	0.0181
30.41	0.0181
30.42	0.0181
30.43	0.0181
30.44	0.0181
30.45	0.0181
30.46	0.0181
30.47	0.0181
30.48	0.0181
30.49	0.0181
30.5	0.0181
30.51	0.0181
30.52	0.0181
30.53	0.0181
30.54	0.0181
30.55	0.0181
30.56	0.0181
30.57	0.0181
30.58	0.0181
30.59	0.0181
30.6	0.0181
30.61	0.0181
30.62	0.0181
30.63	0.0181
30.64	0.0181
30.65	0.0181
30.66	0.0181
30.67	0.0181
30.68	0.0181
30.69	0.0181
30.7	0.0181
30.71	0.0181
30.72	0.0181
30.73	0.0181
30.74	0.0181
30.75	0.0181
30.76	0.01866
30.77	0.01866
30.78	0.018847
30.79	0.018847
30.8	0.018847
30.81	0.018847
30.82	0.018847
30.83	0.018847
30.84	0.018847
30.85	0.018847
30.86	0.018847
30.87	0.018847
30.88	0.018847
30.89	0.018847
30.9	0.018847
30.91	0.018847
30.92	0.018847
30.93	0.018847
30.94	0.018847
30.95	0.018847
30.96	0.018847
30.97	0.018847
30.98	0.018847
30.99	0.018847
31	0.018847
31.01	0.018847
31.02	0.018847
31.03	0.01978
31.04	0.019966
31.05	0.020153
31.06	0.02034
31.07	0.02034
31.08	0.02034
31.09	0.02034
31.1	0.02034
31.11	0.02034
31.12	0.02034
31.13	0.02034
31.14	0.02034
31.15	0.02034
31.16	0.02034
31.17	0.02034
31.18	0.02034
31.19	0.02034
31.2	0.02034
31.21	0.02034
31.22	0.020899
31.23	0.020899
31.24	0.020899
31.25	0.021086
31.26	0.021086
31.27	0.021086
31.28	0.021086
31.29	0.021086
31.3	0.021086
31.31	0.021086
31.32	0.021086
31.33	0.021086
31.34	0.021086
31.35	0.021086
31.36	0.021086
31.37	0.022206
31.38	0.022206
31.39	0.022392
31.4	0.022392
31.41	0.022579
31.42	0.022579
31.43	0.022579
31.44	0.022579
31.45	0.022579
31.46	0.022579
31.47	0.022579
31.48	0.022579
31.49	0.022579
31.5	0.022579
31.51	0.022579
31.52	0.022579
31.53	0.022579
31.54	0.022579
31.55	0.022579
31.56	0.022579
31.57	0.022579
31.58	0.022579
31.59	0.022579
31.6	0.022579
31.61	0.022579
31.62	0.022579
31.63	0.022579
31.64	0.022579
31.65	0.022579
31.66	0.022579
31.67	0.022579
31.68	0.022579
31.69	0.022579
31.7	0.022579
31.71	0.022579
31.72	0.022579
31.73	0.022579
31.74	0.022579
31.75	0.022579
31.76	0.022579
31.77	0.022579
31.78	0.023512
31.79	0.023698
31.8	0.023698
31.81	0.023885
31.82	0.023885
31.83	0.024072
31.84	0.024072
31.85	0.024072
31.86	0.024072
31.87	0.024072
31.88	0.024072
31.89	0.024072
31.9	0.024072
31.91	0.024072
31.92	0.024072
31.93	0.024072
31.94	0.024072
31.95	0.024072
31.96	0.024818
31.97	0.025191
31.98	0.025191
31.99	0.025378
32	0.025378
32.01	0.025564
32.02	0.025564
32.03	0.025564
32.04	0.025564
32.05	0.025564
32.06	0.025564
32.07	0.025564
32.08	0.025564
32.09	0.025564
32.1	0.025564
32.11	0.025564
32.12	0.025564
32.13	0.025564
32.14	0.025564
32.15	0.025564
32.16	0.025564
32.17	0.025564
32.18	0.025564
32.19	0.025564
32.2	0.025564
32.21	0.025564
32.22	0.025564
32.23	0.025564
32.24	0.025564
32.25	0.025564
32.26	0.025564
32.27	0.025564
32.28	0.025564
32.29	0.025564
32.3	0.025564
32.31	0.025564
32.32	0.025564
32.33	0.025564
32.34	0.025564
32.35	0.025564
32.36	0.025564
32.37	0.025564
32.38	0.025564
32.39	0.025564
32.4	0.025564
32.41	0.026124
32.42	0.026497
32.43	0.026497
32.44	0.026871
32.45	0.026871
32.46	0.026871
32.47	0.026871
32.48	0.027057
32.49	0.027057
32.5	0.027057
32.51	0.027057
32.52	0.027057
32.53	0.027057
32.54	0.027057
32.55	0.027057
32.56	0.027057
32.57	0.027057
32.58	0.027057
32.59	0.027057
32.6	0.027057
32.61	0.027057
32.62	0.027057
32.63	0.027057
32.64	0.027057
32.65	0.027057
32.66	0.027057
32.67	0.027057
32.68	0.027057
32.69	0.027057
32.7	0.027057
32.71	0.027057
32.72	0.027057
32.73	0.027057
32.74	0.027057
32.75	0.027057
32.76	0.027057
32.77	0.027057
32.78	0.027057
32.79	0.027057
32.8	0.027617
32.81	0.027617
32.82	0.027617
32.83	0.027617
32.84	0.027617
32.85	0.027617
32.86	0.027804
32.87	0.027804
32.88	0.027804
32.89	0.027804
32.9	0.027804
32.91	0.028177
32.92	0.028923
32.93	0.028923
32.94	0.028923
32.95	0.028923
32.96	0.028923
32.97	0.02911
32.98	0.02911
32.99	0.02911
33	0.02967
33.01	0.029856
33.02	0.029856
33.03	0.029856
33.04	0.029856
33.05	0.029856
33.06	0.030043
33.07	0.030043
33.08	0.030043
33.09	0.030043
33.1	0.030043
33.11	0.030043
33.12	0.030043
33.13	0.030043
33.14	0.030043
33.15	0.030043
33.16	0.030043
33.17	0.030043
33.18	0.030043
33.19	0.030043
33.2	0.030976
33.21	0.030976
33.22	0.031163
33.23	0.031163
33.24	0.031349
33.25	0.032282
33.26	0.032282
33.27	0.032469
33.28	0.032469
33.29	0.032655
33.3	0.032842
33.31	0.032842
33.32	0.032842
33.33	0.032842
33.34	0.032842
33.35	0.033029
33.36	0.033029
33.37	0.033029
33.38	0.033029
33.39	0.033029
33.4	0.033029
33.41	0.033029
33.42	0.033029
33.43	0.033029
33.44	0.033029
33.45	0.033029
33.46	0.033029
33.47	0.033029
33.48	0.033029
33.49	0.033029
33.5	0.033029
33.51	0.033029
33.52	0.033029
33.53	0.033029
33.54	0.033029
33.55	0.033029
33.56	0.033029
33.57	0.033029
33.58	0.033029
33.59	0.033029
33.6	0.033029
33.61	0.033029
33.62	0.033029
33.63	0.033029
33.64	0.033029
33.65	0.033029
33.66	0.033029
33.67	0.033029
33.68	0.033029
33.69	0.033029
33.7	0.033029
33.71	0.033029
33.72	0.033029
33.73	0.033029
33.74	0.033029
33.75	0.033029
33.76	0.033775
33.77	0.033962
33.78	0.033962
33.79	0.034148
33.8	0.034335
33.81	0.034335
33.82	0.034335
33.83	0.034335
33.84	0.034335
33.85	0.034335
33.86	0.034335
33.87	0.034335
33.88	0.034335
33.89	0.034335
33.9	0.034521
33.91	0.034521
33.92	0.034521
33.93	0.034521
33.94	0.034521
33.95	0.034521
33.96	0.034521
33.97	0.034521
33.98	0.034521
33.99	0.034521
34	0.034521
34.01	0.034521
34.02	0.034521
34.03	0.034521
34.04	0.034521
34.05	0.034521
34.06	0.034521
34.07	0.034521
34.08	0.035268
34.09	0.035454
34.1	0.035641
34.11	0.035641
34.12	0.035641
34.13	0.035641
34.14	0.035641
34.15	0.035641
34.16	0.035828
34.17	0.035828
34.18	0.035828
34.19	0.036014
34.2	0.036014
34.21	0.036014
34.22	0.036014
34.23	0.036014
34.24	0.036014
34.25	0.036014
34.26	0.036201
34.27	0.036387
34.28	0.036574
34.29	0.036574
34.3	0.036574
34.31	0.036574
34.32	0.036574
34.33	0.036574
34.34	0.036574
34.35	0.036761
34.36	0.037134
34.37	0.037694
34.38	0.037694
34.39	0.037694
34.4	0.03788
34.41	0.038067
34.42	0.038813
34.43	0.038813
34.44	0.038813
34.45	0.038813
34.46	0.039
34.47	0.039373
34.48	0.039373
34.49	0.039373
34.5	0.039373
34.51	0.039373
34.52	0.039373
34.53	0.03956
34.54	0.03956
34.55	0.03956
34.56	0.03956
34.57	0.03956
34.58	0.03956
34.59	0.039746
34.6	0.039746
34.61	0.039746
34.62	0.039746
34.63	0.040306
34.64	0.040493
34.65	0.040866
34.66	0.040866
34.67	0.040866
34.68	0.040866
34.69	0.040866
34.7	0.040866
34.71	0.040866
34.72	0.041052
34.73	0.041052
34.74	0.041052
34.75	0.041052
34.76	0.041052
34.77	0.041052
34.78	0.041052
34.79	0.041052
34.8	0.041052
34.81	0.041052
34.82	0.041052
34.83	0.041052
34.84	0.041052
34.85	0.041239
34.86	0.041239
34.87	0.041239
34.88	0.041239
34.89	0.041239
34.9	0.041239
34.91	0.041239
34.92	0.041239
34.93	0.041239
34.94	0.041239
34.95	0.041239
34.96	0.041239
34.97	0.041239
34.98	0.041239
34.99	0.041239
35	0.041239
35.01	0.041239
35.02	0.041426
35.03	0.041612
35.04	0.041612
35.05	0.041799
35.06	0.042359
35.07	0.042545
35.08	0.042732
35.09	0.042732
35.1	0.042918
35.11	0.042918
35.12	0.042918
35.13	0.042918
35.14	0.043105
35.15	0.043105
35.16	0.043105
35.17	0.043105
35.18	0.044038
35.19	0.044225
35.2	0.044225
35.21	0.044225
35.22	0.044411
35.23	0.044411
35.24	0.044411
35.25	0.044411
35.26	0.044411
35.27	0.044411
35.28	0.044598
35.29	0.044598
35.3	0.044598
35.31	0.044598
35.32	0.044598
35.33	0.044598
35.34	0.044598
35.35	0.044784
35.36	0.044784
35.37	0.044784
35.38	0.044784
35.39	0.044784
35.4	0.044784
35.41	0.044971
35.42	0.044971
35.43	0.044971
35.44	0.044971
35.45	0.044971
35.46	0.044971
35.47	0.044971
35.48	0.044971
35.49	0.044971
35.5	0.044971
35.51	0.044971
35.52	0.044971
35.53	0.044971
35.54	0.044971
35.55	0.044971
35.56	0.044971
35.57	0.044971
35.58	0.044971
35.59	0.044971
35.6	0.044971
35.61	0.044971
35.62	0.045344
35.63	0.045717
35.64	0.046091
35.65	0.046091
35.66	0.046277
35.67	0.046277
35.68	0.046464
35.69	0.046464
35.7	0.046837
35.71	0.046837
35.72	0.04721
35.73	0.047397
35.74	0.047584
35.75	0.04777
35.76	0.047957
35.77	0.047957
35.78	0.047957
35.79	0.047957
35.8	0.047957
35.81	0.047957
35.82	0.047957
35.83	0.047957
35.84	0.047957
35.85	0.047957
35.86	0.047957
35.87	0.047957
35.88	0.047957
35.89	0.047957
35.9	0.047957
35.91	0.047957
35.92	0.048143
35.93	0.048143
35.94	0.048517
35.95	0.04889
35.96	0.04889
35.97	0.04889
35.98	0.049263
35.99	0.049636
36	0.049636
36.01	0.050196
36.02	0.050383
36.03	0.050383
36.04	0.050569
36.05	0.050756
36.06	0.050756
36.07	0.050756
36.08	0.050942
36.09	0.050942
36.1	0.050942
36.11	0.050942
36.12	0.050942
36.13	0.051129
36.14	0.051129
36.15	0.051129
36.16	0.051129
36.17	0.051129
36.18	0.051129
36.19	0.051129
36.2	0.051129
36.21	0.051316
36.22	0.051316
36.23	0.051316
36.24	0.051316
36.25	0.051316
36.26	0.051316
36.27	0.051316
36.28	0.051875
36.29	0.052062
36.3	0.052249
36.31	0.052808
36.32	0.052995
36.33	0.053182
36.34	0.053182
36.35	0.053555
36.36	0.053555
36.37	0.053741
36.38	0.053741
36.39	0.053741
36.4	0.053741
36.41	0.053928
36.42	0.054115
36.43	0.054115
36.44	0.054115
36.45	0.054115
36.46	0.054115
36.47	0.054301
36.48	0.054301
36.49	0.054301
36.5	0.054301
36.51	0.054301
36.52	0.054301
36.53	0.054301
36.54	0.054301
36.55	0.054301
36.56	0.054301
36.57	0.054301
36.58	0.054301
36.59	0.054301
36.6	0.054301
36.61	0.054301
36.62	0.054301
36.63	0.054301
36.64	0.054301
36.65	0.054301
36.66	0.054301
36.67	0.054301
36.68	0.054301
36.69	0.054301
36.7	0.054301
36.71	0.054301
36.72	0.054301
36.73	0.054301
36.74	0.054301
36.75	0.054301
36.76	0.054301
36.77	0.054488
36.78	0.054488
36.79	0.054861
36.8	0.055048
36.81	0.055234
36.82	0.055234
36.83	0.055234
36.84	0.055421
36.85	0.055421
36.86	0.055421
36.87	0.055421
36.88	0.055421
36.89	0.055607
36.9	0.055981
36.91	0.055981
36.92	0.055981
36.93	0.055981
36.94	0.05654
36.95	0.056727
36.96	0.056727
36.97	0.056914
36.98	0.056914
36.99	0.056914
37	0.056914
37.01	0.057473
37.02	0.057847
37.03	0.058406
37.04	0.05878
37.05	0.05878
37.06	0.05878
37.07	0.05878
37.08	0.05878
37.09	0.058966
37.1	0.059339
37.11	0.059339
37.12	0.059339
37.13	0.059339
37.14	0.059339
37.15	0.059339
37.16	0.059339
37.17	0.059339
37.18	0.059339
37.19	0.059339
37.2	0.059339
37.21	0.059713
37.22	0.059899
37.23	0.059899
37.24	0.059899
37.25	0.059899
37.26	0.060086
37.27	0.060459
37.28	0.060459
37.29	0.060646
37.3	0.060832
37.31	0.060832
37.32	0.060832
37.33	0.060832
37.34	0.060832
37.35	0.060832
37.36	0.060832
37.37	0.061205
37.38	0.061205
37.39	0.061579
37.4	0.061579
37.41	0.061579
37.42	0.061765
37.43	0.061765
37.44	0.061765
37.45	0.061765
37.46	0.061952
37.47	0.061952
37.48	0.061952
37.49	0.061952
37.5	0.061952
37.51	0.061952
37.52	0.062512
37.53	0.062885
37.54	0.062885
37.55	0.062885
37.56	0.063258
37.57	0.063258
37.58	0.063445
37.59	0.063445
37.6	0.063445
37.61	0.063631
37.62	0.064004
37.63	0.064004
37.64	0.064004
37.65	0.064004
37.66	0.064004
37.67	0.064004
37.68	0.064191
37.69	0.064191
37.7	0.064191
37.71	0.064191
37.72	0.064191
37.73	0.064191
37.74	0.064191
37.75	0.064191
37.76	0.064191
37.77	0.064191
37.78	0.064191
37.79	0.064191
37.8	0.064378
37.81	0.064751
37.82	0.064937
37.83	0.065311
37.84	0.065311
37.85	0.065311
37.86	0.065311
37.87	0.065497
37.88	0.065497
37.89	0.065497
37.9	0.065684
37.91	0.065684
37.92	0.065684
37.93	0.065684
37.94	0.065684
37.95	0.066057
37.96	0.066244
37.97	0.066244
37.98	0.066244
37.99	0.06643
38	0.06643
38.01	0.06643
38.02	0.06643
38.03	0.066617
38.04	0.067177
38.05	0.067177
38.06	0.067177
38.07	0.067363
38.08	0.06755
38.09	0.067737
38.1	0.067737
38.11	0.067737
38.12	0.067737
38.13	0.067737
38.14	0.067737
38.15	0.067737
38.16	0.067737
38.17	0.067737
38.18	0.067737
38.19	0.067923
38.2	0.06811
38.21	0.06811
38.22	0.06811
38.23	0.068483
38.24	0.068483
38.25	0.06867
38.26	0.068856
38.27	0.068856
38.28	0.069043
38.29	0.069043
38.3	0.069229
38.31	0.069603
38.32	0.069603
38.33	0.069603
38.34	0.069603
38.35	0.069603
38.36	0.069603
38.37	0.069789
38.38	0.069789
38.39	0.069789
38.4	0.069976
38.41	0.069976
38.42	0.070162
38.43	0.070536
38.44	0.070722
38.45	0.070722
38.46	0.071095
38.47	0.071282
38.48	0.071282
38.49	0.071655
38.5	0.072028
38.51	0.072028
38.52	0.072028
38.53	0.072028
38.54	0.072028
38.55	0.072215
38.56	0.072215
38.57	0.072402
38.58	0.072402
38.59	0.072402
38.6	0.072402
38.61	0.072402
38.62	0.072402
38.63	0.072402
38.64	0.072588
38.65	0.072961
38.66	0.072961
38.67	0.073148
38.68	0.073148
38.69	0.073148
38.7	0.073335
38.71	0.073894
38.72	0.073894
38.73	0.073894
38.74	0.074081
38.75	0.074268
38.76	0.074827
38.77	0.074827
38.78	0.074827
38.79	0.074827
38.8	0.075014
38.81	0.075201
38.82	0.075574
38.83	0.075574
38.84	0.075574
38.85	0.075574
38.86	0.075574
38.87	0.075574
38.88	0.075574
38.89	0.075574
38.9	0.075574
38.91	0.07576
38.92	0.07576
38.93	0.075947
38.94	0.075947
38.95	0.075947
38.96	0.075947
38.97	0.075947
38.98	0.075947
38.99	0.075947
39	0.075947
39.01	0.075947
39.02	0.075947
39.03	0.075947
39.04	0.075947
39.05	0.076134
39.06	0.07632
39.07	0.076507
39.08	0.07688
39.09	0.077253
39.1	0.077253
39.11	0.077253
39.12	0.077253
39.13	0.077253
39.14	0.077626
39.15	0.077626
39.16	0.078
39.17	0.078
39.18	0.078186
39.19	0.078186
39.2	0.078186
39.21	0.078186
39.22	0.078186
39.23	0.078186
39.24	0.078186
39.25	0.078186
39.26	0.078186
39.27	0.078559
39.28	0.078559
39.29	0.078746
39.3	0.078746
39.31	0.078746
39.32	0.078746
39.33	0.078746
39.34	0.078933
39.35	0.078933
39.36	0.078933
39.37	0.078933
39.38	0.078933
39.39	0.078933
39.4	0.079306
39.41	0.079306
39.42	0.079306
39.43	0.079306
39.44	0.079492
39.45	0.079866
39.46	0.080052
39.47	0.080052
39.48	0.080239
39.49	0.080239
39.5	0.080425
39.51	0.080612
39.52	0.080985
39.53	0.080985
39.54	0.081545
39.55	0.081545
39.56	0.081918
39.57	0.081918
39.58	0.081918
39.59	0.081918
39.6	0.082291
39.61	0.082665
39.62	0.082851
39.63	0.082851
39.64	0.082851
39.65	0.083038
39.66	0.083038
39.67	0.083224
39.68	0.083224
39.69	0.083224
39.7	0.083598
39.71	0.083971
39.72	0.084157
39.73	0.084531
39.74	0.084531
39.75	0.084531
39.76	0.084531
39.77	0.084531
39.78	0.084717
39.79	0.084717
39.8	0.084904
39.81	0.084904
39.82	0.084904
39.83	0.084904
39.84	0.084904
39.85	0.085277
39.86	0.08565
39.87	0.08565
39.88	0.085837
39.89	0.086024
39.9	0.08621
39.91	0.08621
39.92	0.08621
39.93	0.08621
39.94	0.08621
39.95	0.08621
39.96	0.08621
39.97	0.08621
39.98	0.086397
39.99	0.086397
40	0.086397
40.01	0.086397
40.02	0.08677
40.03	0.08677
40.04	0.08677
40.05	0.086957
40.06	0.087143
40.07	0.08733
40.08	0.087703
40.09	0.087703
40.1	0.087703
40.11	0.087703
40.12	0.088076
40.13	0.088263
40.14	0.088263
40.15	0.088263
40.16	0.088263
40.17	0.088263
40.18	0.088449
40.19	0.088823
40.2	0.089009
40.21	0.089009
40.22	0.089009
40.23	0.089009
40.24	0.089009
40.25	0.089009
40.26	0.089196
40.27	0.089196
40.28	0.089196
40.29	0.089196
40.3	0.089196
40.31	0.089196
40.32	0.089382
40.33	0.089569
40.34	0.089569
40.35	0.089569
40.36	0.089756
40.37	0.089756
40.38	0.089942
40.39	0.089942
40.4	0.089942
40.41	0.090129
40.42	0.090315
40.43	0.090315
40.44	0.090502
40.45	0.090502
40.46	0.090502
40.47	0.090689
40.48	0.090689
40.49	0.090689
40.5	0.090689
40.51	0.090875
40.52	0.090875
40.53	0.090875
40.54	0.090875
40.55	0.090875
40.56	0.091062
40.57	0.091248
40.58	0.091435
40.59	0.091622
40.6	0.091622
40.61	0.091995
40.62	0.092555
40.63	0.092555
40.64	0.093114
40.65	0.093114
40.66	0.093301
40.67	0.093488
40.68	0.093674
40.69	0.093861
40.7	0.093861
40.71	0.094047
40.72	0.094234
40.73	0.094234
40.74	0.094421
40.75	0.094607
40.76	0.09498
40.77	0.09498
40.78	0.09498
40.79	0.095167
40.8	0.095354
40.81	0.095354
40.82	0.095354
40.83	0.095354
40.84	0.095354
40.85	0.095354
40.86	0.095354
40.87	0.095727
40.88	0.095913
40.89	0.095913
40.9	0.095913
40.91	0.0961
40.92	0.0961
40.93	0.0961
40.94	0.0961
40.95	0.0961
40.96	0.0961
40.97	0.0961
40.98	0.096287
40.99	0.096473
41	0.09666
41.01	0.09666
41.02	0.096846
41.03	0.096846
41.04	0.096846
41.05	0.096846
41.06	0.097033
41.07	0.097033
41.08	0.097033
41.09	0.097033
41.1	0.097406
41.11	0.097593
41.12	0.097593
41.13	0.097779
41.14	0.097779
41.15	0.097779
41.16	0.098153
41.17	0.098339
41.18	0.098339
41.19	0.098339
41.2	0.098526
41.21	0.098526
41.22	0.098526
41.23	0.098899
41.24	0.098899
41.25	0.098899
41.26	0.098899
41.27	0.099086
41.28	0.099272
41.29	0.099459
41.3	0.099645
41.31	0.099832
41.32	0.099832
41.33	0.10002
41.34	0.10002
41.35	0.10002
41.36	0.10021
41.37	0.10039
41.38	0.10039
41.39	0.10058
41.4	0.10058
41.41	0.10058
41.42	0.10095
41.43	0.10095
41.44	0.10095
41.45	0.10114
41.46	0.10114
41.47	0.10151
41.48	0.10151
41.49	0.10151
41.5	0.1017
41.51	0.10188
41.52	0.10188
41.53	0.10188
41.54	0.10207
41.55	0.10207
41.56	0.10207
41.57	0.10207
41.58	0.10207
41.59	0.10207
41.6	0.10226
41.61	0.10226
41.62	0.10244
41.63	0.10244
41.64	0.10244
41.65	0.10263
41.66	0.103
41.67	0.103
41.68	0.10356
41.69	0.10356
41.7	0.10375
41.71	0.10394
41.72	0.10394
41.73	0.10431
41.74	0.10431
41.75	0.1045
41.76	0.10468
41.77	0.10506
41.78	0.10506
41.79	0.10506
41.8	0.10506
41.81	0.10524
41.82	0.10524
41.83	0.10543
41.84	0.10562
41.85	0.10562
41.86	0.10562
41.87	0.10562
41.88	0.10562
41.89	0.10562
41.9	0.10599
41.91	0.10618
41.92	0.10636
41.93	0.10636
41.94	0.10655
41.95	0.10655
41.96	0.10674
41.97	0.10692
41.98	0.10711
41.99	0.1073
42	0.1073
42.01	0.1073
42.02	0.1073
42.03	0.10748
42.04	0.10748
42.05	0.10748
42.06	0.10786
42.07	0.10786
42.08	0.10786
42.09	0.10804
42.1	0.10804
42.11	0.10879
42.12	0.10879
42.13	0.10916
42.14	0.10935
42.15	0.10954
42.16	0.10972
42.17	0.10972
42.18	0.10972
42.19	0.10991
42.2	0.10991
42.21	0.10991
42.22	0.1101
42.23	0.1101
42.24	0.1101
42.25	0.11028
42.26	0.11047
42.27	0.11084
42.28	0.11084
42.29	0.11084
42.3	0.11084
42.31	0.11121
42.32	0.1114
42.33	0.1114
42.34	0.11159
42.35	0.11159
42.36	0.11177
42.37	0.11177
42.38	0.11196
42.39	0.11215
42.4	0.11271
42.41	0.11271
42.42	0.11271
42.43	0.11289
42.44	0.11289
42.45	0.11308
42.46	0.11308
42.47	0.11308
42.48	0.11308
42.49	0.11308
42.5	0.11308
42.51	0.11308
42.52	0.11308
42.53	0.11308
42.54	0.11308
42.55	0.11308
42.56	0.11327
42.57	0.11327
42.58	0.11345
42.59	0.11345
42.6	0.11345
42.61	0.11345
42.62	0.11345
42.63	0.11364
42.64	0.11364
42.65	0.11364
42.66	0.11383
42.67	0.11383
42.68	0.11401
42.69	0.11401
42.7	0.1142
42.71	0.1142
42.72	0.1142
42.73	0.11439
42.74	0.11476
42.75	0.11476
42.76	0.11513
42.77	0.11532
42.78	0.11551
42.79	0.11551
42.8	0.11551
42.81	0.11551
42.82	0.11551
42.83	0.11551
42.84	0.11551
42.85	0.11569
42.86	0.11569
42.87	0.11569
42.88	0.11569
42.89	0.11607
42.9	0.11625
42.91	0.11625
42.92	0.11663
42.93	0.11663
42.94	0.11663
42.95	0.11681
42.96	0.11719
42.97	0.11756
42.98	0.11775
42.99	0.11775
43	0.11812
43.01	0.11831
43.02	0.11831
43.03	0.11849
43.04	0.11849
43.05	0.11849
43.06	0.11868
43.07	0.11887
43.08	0.11887
43.09	0.11905
43.1	0.11905
43.11	0.11905
43.12	0.11905
43.13	0.11943
43.14	0.11943
43.15	0.11943
43.16	0.11961
43.17	0.1198
43.18	0.1198
43.19	0.11999
43.2	0.12036
43.21	0.12036
43.22	0.12073
43.23	0.12073
43.24	0.1211
43.25	0.1211
43.26	0.1211
43.27	0.12129
43.28	0.12148
43.29	0.12148
43.3	0.12148
43.31	0.12148
43.32	0.12166
43.33	0.12166
43.34	0.12166
43.35	0.12166
43.36	0.12204
43.37	0.12222
43.38	0.12222
43.39	0.12222
43.4	0.12222
43.41	0.12222
43.42	0.12222
43.43	0.1226
43.44	0.1226
43.45	0.12297
43.46	0.12316
43.47	0.12334
43.48	0.12334
43.49	0.12353
43.5	0.12353
43.51	0.12372
43.52	0.12372
43.53	0.12372
43.54	0.12372
43.55	0.12372
43.56	0.12372
43.57	0.12409
43.58	0.12428
43.59	0.12428
43.6	0.12428
43.61	0.12465
43.62	0.12465
43.63	0.12465
43.64	0.12484
43.65	0.12484
43.66	0.12484
43.67	0.12484
43.68	0.12502
43.69	0.12521
43.7	0.12558
43.71	0.12577
43.72	0.12577
43.73	0.12577
43.74	0.12577
43.75	0.12577
43.76	0.12614
43.77	0.12633
43.78	0.12633
43.79	0.1267
43.8	0.1267
43.81	0.1267
43.82	0.12689
43.83	0.12708
43.84	0.12708
43.85	0.12708
43.86	0.12726
43.87	0.12726
43.88	0.12726
43.89	0.12726
43.9	0.12745
43.91	0.12745
43.92	0.12745
43.93	0.12745
43.94	0.12764
43.95	0.12764
43.96	0.12764
43.97	0.12782
43.98	0.12801
43.99	0.1282
44	0.1282
44.01	0.1282
44.02	0.1282
44.03	0.1282
44.04	0.1282
44.05	0.1282
44.06	0.1282
44.07	0.12838
44.08	0.12857
44.09	0.12876
44.1	0.12913
44.11	0.1295
44.12	0.1295
44.13	0.12969
44.14	0.13025
44.15	0.13025
44.16	0.13062
44.17	0.13062
44.18	0.13062
44.19	0.13081
44.2	0.13099
44.21	0.13118
44.22	0.13118
44.23	0.13137
44.24	0.13137
44.25	0.13137
44.26	0.13155
44.27	0.13155
44.28	0.13155
44.29	0.13155
44.3	0.13211
44.31	0.1323
44.32	0.13267
44.33	0.13267
44.34	0.13267
44.35	0.13267
44.36	0.13267
44.37	0.13267
44.38	0.13267
44.39	0.13286
44.4	0.13286
44.41	0.13286
44.42	0.13305
44.43	0.13305
44.44	0.13323
44.45	0.13323
44.46	0.13361
44.47	0.13361
44.48	0.13361
44.49	0.13361
44.5	0.13398
44.51	0.13398
44.52	0.13417
44.53	0.13435
44.54	0.13435
44.55	0.13435
44.56	0.13435
44.57	0.13435
44.58	0.13473
44.59	0.13491
44.6	0.13491
44.61	0.13491
44.62	0.13491
44.63	0.13491
44.64	0.13491
44.65	0.1351
44.66	0.1351
44.67	0.1351
44.68	0.1351
44.69	0.13547
44.7	0.13547
44.71	0.13566
44.72	0.13566
44.73	0.13585
44.74	0.13603
44.75	0.13603
44.76	0.13622
44.77	0.13622
44.78	0.13622
44.79	0.13622
44.8	0.13622
44.81	0.13622
44.82	0.13641
44.83	0.13641
44.84	0.13659
44.85	0.13678
44.86	0.13697
44.87	0.13734
44.88	0.13734
44.89	0.13753
44.9	0.13771
44.91	0.13771
44.92	0.13771
44.93	0.13771
44.94	0.1379
44.95	0.1379
44.96	0.13809
44.97	0.13827
44.98	0.13827
44.99	0.13827
45	0.13827
45.01	0.13846
45.02	0.13846
45.03	0.13846
45.04	0.13846
45.05	0.13865
45.06	0.13883
45.07	0.13883
45.08	0.13883
45.09	0.13902
45.1	0.13921
45.11	0.13939
45.12	0.13958
45.13	0.13976
45.14	0.13995
45.15	0.13995
45.16	0.13995
45.17	0.13995
45.18	0.14014
45.19	0.14032
45.2	0.14032
45.21	0.14032
45.22	0.14032
45.23	0.14051
45.24	0.14051
45.25	0.14088
45.26	0.14088
45.27	0.14088
45.28	0.14088
45.29	0.14088
45.3	0.14088
45.31	0.14107
45.32	0.14144
45.33	0.14144
45.34	0.14163
45.35	0.14163
45.36	0.14219
45.37	0.14238
45.38	0.14275
45.39	0.14275
45.4	0.14275
45.41	0.14294
45.42	0.14294
45.43	0.14294
45.44	0.14312
45.45	0.14312
45.46	0.14312
45.47	0.14312
45.48	0.14331
45.49	0.1435
45.5	0.1435
45.51	0.14387
45.52	0.14424
45.53	0.14424
45.54	0.14424
45.55	0.14443
45.56	0.14443
45.57	0.14443
45.58	0.14462
45.59	0.14462
45.6	0.14462
45.61	0.14462
45.62	0.14462
45.63	0.1448
45.64	0.1448
45.65	0.1448
45.66	0.1448
45.67	0.1448
45.68	0.1448
45.69	0.14499
45.7	0.14499
45.71	0.14518
45.72	0.14518
45.73	0.14555
45.74	0.14555
45.75	0.14574
45.76	0.14574
45.77	0.14574
45.78	0.14574
45.79	0.14574
45.8	0.14592
45.81	0.1463
45.82	0.1463
45.83	0.1463
45.84	0.14648
45.85	0.14648
45.86	0.14667
45.87	0.14667
45.88	0.14667
45.89	0.14686
45.9	0.14686
45.91	0.14686
45.92	0.14686
45.93	0.14723
45.94	0.14723
45.95	0.14723
45.96	0.14723
45.97	0.14723
45.98	0.14723
45.99	0.14742
46	0.14742
46.01	0.14742
46.02	0.14798
46.03	0.14798
46.04	0.14816
46.05	0.14854
46.06	0.14891
46.07	0.14891
46.08	0.14891
46.09	0.14891
46.1	0.14891
46.11	0.14909
46.12	0.14909
46.13	0.14947
46.14	0.14947
46.15	0.14965
46.16	0.14965
46.17	0.14965
46.18	0.14965
46.19	0.14965
46.2	0.14984
46.21	0.14984
46.22	0.14984
46.23	0.14984
46.24	0.15021
46.25	0.1504
46.26	0.1504
46.27	0.1504
46.28	0.1504
46.29	0.1504
46.3	0.1504
46.31	0.15059
46.32	0.15059
46.33	0.15059
46.34	0.15059
46.35	0.15077
46.36	0.15115
46.37	0.15115
46.38	0.15115
46.39	0.15189
46.4	0.15189
46.41	0.15189
46.42	0.15189
46.43	0.15208
46.44	0.15245
46.45	0.15245
46.46	0.15264
46.47	0.15264
46.48	0.15264
46.49	0.15301
46.5	0.15301
46.51	0.1532
46.52	0.1532
46.53	0.1532
46.54	0.15339
46.55	0.15339
46.56	0.15339
46.57	0.15357
46.58	0.15376
46.59	0.15376
46.6	0.15413
46.61	0.15432
46.62	0.15432
46.63	0.15432
46.64	0.15432
46.65	0.15432
46.66	0.15451
46.67	0.15488
46.68	0.15488
46.69	0.15507
46.7	0.15507
46.71	0.15507
46.72	0.15544
46.73	0.15544
46.74	0.15544
46.75	0.15563
46.76	0.15563
46.77	0.15563
46.78	0.156
46.79	0.15619
46.8	0.15656
46.81	0.15693
46.82	0.15712
46.83	0.15712
46.84	0.15712
46.85	0.15749
46.86	0.15749
46.87	0.15768
46.88	0.15768
46.89	0.15768
46.9	0.15768
46.91	0.15768
46.92	0.15787
46.93	0.15805
46.94	0.15824
46.95	0.15824
46.96	0.15861
46.97	0.15861
46.98	0.15861
46.99	0.15917
47	0.15917
47.01	0.15936
47.02	0.15936
47.03	0.15992
47.04	0.1601
47.05	0.1601
47.06	0.1601
47.07	0.16029
47.08	0.16048
47.09	0.16048
47.1	0.16048
47.11	0.16048
47.12	0.16066
47.13	0.16066
47.14	0.16085
47.15	0.16085
47.16	0.16085
47.17	0.16104
47.18	0.16104
47.19	0.16104
47.2	0.16104
47.21	0.16104
47.22	0.16104
47.23	0.16104
47.24	0.16104
47.25	0.16122
47.26	0.16122
47.27	0.1616
47.28	0.1616
47.29	0.1616
47.3	0.1616
47.31	0.16216
47.32	0.16216
47.33	0.16253
47.34	0.16272
47.35	0.1629
47.36	0.1629
47.37	0.16309
47.38	0.16328
47.39	0.16346
47.4	0.16365
47.41	0.16365
47.42	0.16402
47.43	0.16421
47.44	0.16421
47.45	0.16458
47.46	0.16458
47.47	0.16458
47.48	0.16496
47.49	0.16514
47.5	0.16533
47.51	0.16533
47.52	0.16552
47.53	0.16552
47.54	0.1657
47.55	0.1657
47.56	0.16626
47.57	0.16664
47.58	0.16664
47.59	0.16682
47.6	0.16701
47.61	0.16738
47.62	0.16757
47.63	0.16776
47.64	0.16794
47.65	0.16831
47.66	0.16831
47.67	0.1685
47.68	0.1685
47.69	0.1685
47.7	0.1685
47.71	0.1685
47.72	0.1685
47.73	0.16869
47.74	0.16906
47.75	0.16906
47.76	0.16906
47.77	0.16906
47.78	0.16906
47.79	0.16906
47.8	0.16943
47.81	0.16943
47.82	0.16943
47.83	0.16962
47.84	0.16999
47.85	0.17018
47.86	0.17074
47.87	0.17074
47.88	0.17074
47.89	0.17074
47.9	0.17074
47.91	0.17074
47.92	0.17093
47.93	0.17093
47.94	0.17111
47.95	0.1713
47.96	0.17149
47.97	0.17149
47.98	0.17149
47.99	0.17149
48	0.17149
48.01	0.17167
48.02	0.17186
48.03	0.17186
48.04	0.17186
48.05	0.17205
48.06	0.17223
48.07	0.17242
48.08	0.17242
48.09	0.17242
48.1	0.17242
48.11	0.17242
48.12	0.17261
48.13	0.17279
48.14	0.17279
48.15	0.17298
48.16	0.17298
48.17	0.17298
48.18	0.17317
48.19	0.17317
48.2	0.17317
48.21	0.17317
48.22	0.17335
48.23	0.17335
48.24	0.17335
48.25	0.17335
48.26	0.17335
48.27	0.17354
48.28	0.17373
48.29	0.17373
48.3	0.1741
48.31	0.1741
48.32	0.1741
48.33	0.1741
48.34	0.1741
48.35	0.17447
48.36	0.17485
48.37	0.17503
48.38	0.17522
48.39	0.17541
48.4	0.17559
48.41	0.17559
48.42	0.17559
48.43	0.17559
48.44	0.17559
48.45	0.17559
48.46	0.17559
48.47	0.17559
48.48	0.17559
48.49	0.17597
48.5	0.17615
48.51	0.17615
48.52	0.17615
48.53	0.17634
48.54	0.17653
48.55	0.17671
48.56	0.17671
48.57	0.1769
48.58	0.17727
48.59	0.17727
48.6	0.17727
48.61	0.17727
48.62	0.17727
48.63	0.17765
48.64	0.17765
48.65	0.17802
48.66	0.17839
48.67	0.17839
48.68	0.17839
48.69	0.17858
48.7	0.17876
48.71	0.17895
48.72	0.17895
48.73	0.17914
48.74	0.17951
48.75	0.17988
48.76	0.17988
48.77	0.17988
48.78	0.17988
48.79	0.18007
48.8	0.18007
48.81	0.18026
48.82	0.18044
48.83	0.18044
48.84	0.18044
48.85	0.18044
48.86	0.18063
48.87	0.18082
48.88	0.18082
48.89	0.181
48.9	0.18119
48.91	0.18119
48.92	0.18138
48.93	0.18138
48.94	0.18138
48.95	0.18138
48.96	0.18138
48.97	0.18138
48.98	0.18138
48.99	0.18156
49	0.18156
49.01	0.18156
49.02	0.18156
49.03	0.18156
49.04	0.18156
49.05	0.18156
49.06	0.18156
49.07	0.18175
49.08	0.18175
49.09	0.18212
49.1	0.18231
49.11	0.18231
49.12	0.18231
49.13	0.18231
49.14	0.18231
49.15	0.1825
49.16	0.1825
49.17	0.1825
49.18	0.1825
49.19	0.1825
49.2	0.1825
49.21	0.1825
49.22	0.1825
49.23	0.18268
49.24	0.18268
49.25	0.18306
49.26	0.18324
49.27	0.18343
49.28	0.18343
49.29	0.18362
49.3	0.18362
49.31	0.18362
49.32	0.18362
49.33	0.18362
49.34	0.1838
49.35	0.18399
49.36	0.18418
49.37	0.18436
49.38	0.18436
49.39	0.18455
49.4	0.18455
49.41	0.18455
49.42	0.18474
49.43	0.18474
49.44	0.18474
49.45	0.18474
49.46	0.18474
49.47	0.18474
49.48	0.18474
49.49	0.18474
49.5	0.18474
49.51	0.18474
49.52	0.18492
49.53	0.18511
49.54	0.1853
49.55	0.1853
49.56	0.1853
49.57	0.1853
49.58	0.1853
49.59	0.18548
49.6	0.18567
49.61	0.18567
49.62	0.18567
49.63	0.18586
49.64	0.18604
49.65	0.18604
49.66	0.18604
49.67	0.18604
49.68	0.18604
49.69	0.18604
49.7	0.18623
49.71	0.18642
49.72	0.1866
49.73	0.1866
49.74	0.18679
49.75	0.18679
49.76	0.18679
49.77	0.18679
49.78	0.18698
49.79	0.18716
49.8	0.18716
49.81	0.18735
49.82	0.18753
49.83	0.18753
49.84	0.18772
49.85	0.18772
49.86	0.18772
49.87	0.18772
49.88	0.18791
49.89	0.18791
49.9	0.18791
49.91	0.18809
49.92	0.18809
49.93	0.18809
49.94	0.18828
49.95	0.18865
49.96	0.18884
49.97	0.18884
49.98	0.18884
49.99	0.18921
50	0.18921
50.01	0.1894
50.02	0.1894
50.03	0.1894
50.04	0.1894
50.05	0.1894
50.06	0.18959
50.07	0.18959
50.08	0.18959
50.09	0.18977
50.1	0.18977
50.11	0.18977
50.12	0.18977
50.13	0.19015
50.14	0.19015
50.15	0.19015
50.16	0.19015
50.17	0.19015
50.18	0.19015
50.19	0.19015
50.2	0.19015
50.21	0.19015
50.22	0.19015
50.23	0.19015
50.24	0.19015
50.25	0.19052
50.26	0.19052
50.27	0.19052
50.28	0.19052
50.29	0.19052
50.3	0.19052
50.31	0.19052
50.32	0.19052
50.33	0.19052
50.34	0.19052
50.35	0.19071
50.36	0.19108
50.37	0.19127
50.38	0.19127
50.39	0.19145
50.4	0.19164
50.41	0.19164
50.42	0.19164
50.43	0.19164
50.44	0.19164
50.45	0.19164
50.46	0.19164
50.47	0.19164
50.48	0.19164
50.49	0.19164
50.5	0.19164
50.51	0.19164
50.52	0.19201
50.53	0.19201
50.54	0.1922
50.55	0.19239
50.56	0.19239
50.57	0.19257
50.58	0.19295
50.59	0.19295
50.6	0.19313
50.61	0.19332
50.62	0.19332
50.63	0.19351
50.64	0.19351
50.65	0.19351
50.66	0.19351
50.67	0.19369
50.68	0.19388
50.69	0.19388
50.7	0.19388
50.71	0.19407
50.72	0.19407
50.73	0.19407
50.74	0.19425
50.75	0.19463
50.76	0.19463
50.77	0.19463
50.78	0.19481
50.79	0.19519
50.8	0.19519
50.81	0.19537
50.82	0.19556
50.83	0.19575
50.84	0.19593
50.85	0.19593
50.86	0.19593
50.87	0.19631
50.88	0.19631
50.89	0.19631
50.9	0.19631
50.91	0.19649
50.92	0.19649
50.93	0.19649
50.94	0.19687
50.95	0.19705
50.96	0.19705
50.97	0.19705
50.98	0.19724
50.99	0.19724
51	0.19742
51.01	0.19761
51.02	0.19761
51.03	0.19761
51.04	0.19761
51.05	0.19761
51.06	0.19817
51.07	0.19817
51.08	0.19817
51.09	0.19836
51.1	0.19836
51.11	0.19854
51.12	0.19854
51.13	0.19873
51.14	0.19873
51.15	0.1991
51.16	0.1991
51.17	0.1991
51.18	0.1991
51.19	0.1991
51.2	0.1991
51.21	0.19929
51.22	0.19929
51.23	0.19929
51.24	0.19966
51.25	0.19985
51.26	0.20004
51.27	0.20004
51.28	0.20022
51.29	0.20041
51.3	0.20078
51.31	0.20078
51.32	0.20078
51.33	0.20097
51.34	0.20097
51.35	0.20097
51.36	0.20097
51.37	0.20097
51.38	0.20097
51.39	0.20116
51.4	0.20172
51.41	0.20172
51.42	0.2019
51.43	0.20209
51.44	0.20228
51.45	0.20284
51.46	0.20284
51.47	0.20284
51.48	0.20302
51.49	0.20321
51.5	0.20358
51.51	0.20358
51.52	0.20377
51.53	0.20377
51.54	0.20396
51.55	0.20396
51.56	0.20414
51.57	0.20414
51.58	0.20433
51.59	0.20433
51.6	0.20433
51.61	0.20433
51.62	0.20433
51.63	0.20433
51.64	0.20452
51.65	0.2047
51.66	0.20489
51.67	0.20489
51.68	0.20489
51.69	0.20489
51.7	0.20489
51.71	0.20526
51.72	0.20526
51.73	0.20526
51.74	0.20526
51.75	0.20526
51.76	0.20545
51.77	0.20564
51.78	0.20564
51.79	0.20582
51.8	0.20582
51.81	0.20601
51.82	0.20601
51.83	0.2062
51.84	0.20638
51.85	0.20638
51.86	0.20638
51.87	0.20638
51.88	0.20638
51.89	0.20657
51.9	0.20675
51.91	0.20694
51.92	0.20713
51.93	0.20731
51.94	0.20731
51.95	0.20731
51.96	0.20731
51.97	0.20731
51.98	0.2075
51.99	0.20769
52	0.20787
52.01	0.20787
52.02	0.20787
52.03	0.20787
52.04	0.20787
52.05	0.20806
52.06	0.20806
52.07	0.20862
52.08	0.20899
52.09	0.20899
52.1	0.20899
52.11	0.20899
52.12	0.20899
52.13	0.20899
52.14	0.20899
52.15	0.20918
52.16	0.20918
52.17	0.20955
52.18	0.20955
52.19	0.20993
52.2	0.20993
52.21	0.2103
52.22	0.2103
52.23	0.2103
52.24	0.21049
52.25	0.21049
52.26	0.21067
52.27	0.21086
52.28	0.21086
52.29	0.21105
52.3	0.21105
52.31	0.21142
52.32	0.21161
52.33	0.21179
52.34	0.21179
52.35	0.21217
52.36	0.21217
52.37	0.21254
52.38	0.21273
52.39	0.21273
52.4	0.21273
52.41	0.21291
52.42	0.2131
52.43	0.21329
52.44	0.21329
52.45	0.21329
52.46	0.21329
52.47	0.21347
52.48	0.21366
52.49	0.21366
52.5	0.21385
52.51	0.21385
52.52	0.21403
52.53	0.21403
52.54	0.21403
52.55	0.21403
52.56	0.21403
52.57	0.21403
52.58	0.21403
52.59	0.21403
52.6	0.21403
52.61	0.21459
52.62	0.21497
52.63	0.21497
52.64	0.21515
52.65	0.21515
52.66	0.21515
52.67	0.21515
52.68	0.21553
52.69	0.21553
52.7	0.2159
52.71	0.2159
52.72	0.2159
52.73	0.21627
52.74	0.21664
52.75	0.21664
52.76	0.21664
52.77	0.21664
52.78	0.21664
52.79	0.21664
52.8	0.21683
52.81	0.21702
52.82	0.2172
52.83	0.2172
52.84	0.2172
52.85	0.21739
52.86	0.21776
52.87	0.21776
52.88	0.21795
52.89	0.21795
52.9	0.21795
52.91	0.21795
52.92	0.21795
52.93	0.21814
52.94	0.21814
52.95	0.21814
52.96	0.21814
52.97	0.21832
52.98	0.21851
52.99	0.21851
53	0.2187
53.01	0.2187
53.02	0.2187
53.03	0.21888
53.04	0.21907
53.05	0.21907
53.06	0.21907
53.07	0.21926
53.08	0.21944
53.09	0.21963
53.1	0.21982
53.11	0.22
53.12	0.22
53.13	0.22
53.14	0.22
53.15	0.22038
53.16	0.22056
53.17	0.22094
53.18	0.22094
53.19	0.22131
53.2	0.22131
53.21	0.2215
53.22	0.2215
53.23	0.2215
53.24	0.2215
53.25	0.2215
53.26	0.2215
53.27	0.2215
53.28	0.2215
53.29	0.2215
53.3	0.2215
53.31	0.2215
53.32	0.22168
53.33	0.22187
53.34	0.22187
53.35	0.22206
53.36	0.22206
53.37	0.22206
53.38	0.22262
53.39	0.2228
53.4	0.2228
53.41	0.2228
53.42	0.2228
53.43	0.22336
53.44	0.22336
53.45	0.22336
53.46	0.22336
53.47	0.22355
53.48	0.22355
53.49	0.22374
53.5	0.22392
53.51	0.2243
53.52	0.2243
53.53	0.22448
53.54	0.22448
53.55	0.22448
53.56	0.22448
53.57	0.22448
53.58	0.22467
53.59	0.22486
53.6	0.22486
53.61	0.22504
53.62	0.22523
53.63	0.22523
53.64	0.22523
53.65	0.22523
53.66	0.22523
53.67	0.22523
53.68	0.22542
53.69	0.2256
53.7	0.2256
53.71	0.2256
53.72	0.22579
53.73	0.22579
53.74	0.22579
53.75	0.22579
53.76	0.22579
53.77	0.22579
53.78	0.22597
53.79	0.22597
53.8	0.22597
53.81	0.22616
53.82	0.22672
53.83	0.22672
53.84	0.22709
53.85	0.22709
53.86	0.22709
53.87	0.22709
53.88	0.22728
53.89	0.22747
53.9	0.22747
53.91	0.22765
53.92	0.22765
53.93	0.22784
53.94	0.22803
53.95	0.22821
53.96	0.22821
53.97	0.22821
53.98	0.22821
53.99	0.22821
54	0.22821
54.01	0.2284
54.02	0.2284
54.03	0.2284
54.04	0.2284
54.05	0.2284
54.06	0.2284
54.07	0.2284
54.08	0.22859
54.09	0.22859
54.1	0.22859
54.11	0.22859
54.12	0.22859
54.13	0.22859
54.14	0.22859
54.15	0.22859
54.16	0.22859
54.17	0.22859
54.18	0.22859
54.19	0.22859
54.2	0.22859
54.21	0.22859
54.22	0.22859
54.23	0.22859
54.24	0.22859
54.25	0.22859
54.26	0.22859
54.27	0.22877
54.28	0.22877
54.29	0.22877
54.3	0.22877
54.31	0.22896
54.32	0.22915
54.33	0.22915
54.34	0.22933
54.35	0.22933
54.36	0.22933
54.37	0.22933
54.38	0.22971
54.39	0.22989
54.4	0.22989
54.41	0.22989
54.42	0.22989
54.43	0.22989
54.44	0.23008
54.45	0.23008
54.46	0.23045
54.47	0.23045
54.48	0.23045
54.49	0.23045
54.5	0.23064
54.51	0.23064
54.52	0.23083
54.53	0.23083
54.54	0.23083
54.55	0.23083
54.56	0.23101
54.57	0.2312
54.58	0.2312
54.59	0.2312
54.6	0.23139
54.61	0.23139
54.62	0.23139
54.63	0.23139
54.64	0.23139
54.65	0.23157
54.66	0.23176
54.67	0.23195
54.68	0.23195
54.69	0.23232
54.7	0.23251
54.71	0.23251
54.72	0.23269
54.73	0.23288
54.74	0.23288
54.75	0.23288
54.76	0.23325
54.77	0.23344
54.78	0.23344
54.79	0.23344
54.8	0.23344
54.81	0.23363
54.82	0.23381
54.83	0.23381
54.84	0.23381
54.85	0.23381
54.86	0.23381
54.87	0.23381
54.88	0.23381
54.89	0.23437
54.9	0.23437
54.91	0.23456
54.92	0.23475
54.93	0.23475
54.94	0.23493
54.95	0.23493
54.96	0.23512
54.97	0.23512
54.98	0.23512
54.99	0.23531
55	0.23531
55.01	0.23531
55.02	0.23549
55.03	0.23549
55.04	0.23549
55.05	0.23549
55.06	0.23549
55.07	0.23568
55.08	0.23586
55.09	0.23586
55.1	0.23586
55.11	0.23586
55.12	0.23605
55.13	0.23605
55.14	0.23605
55.15	0.23605
55.16	0.23605
55.17	0.23605
55.18	0.23605
55.19	0.23605
55.2	0.23624
55.21	0.23624
55.22	0.23642
55.23	0.23661
55.24	0.23661
55.25	0.23661
55.26	0.23661
55.27	0.2368
55.28	0.2368
55.29	0.2368
55.3	0.2368
55.31	0.23698
55.32	0.23698
55.33	0.23698
55.34	0.23736
55.35	0.23736
55.36	0.23736
55.37	0.23754
55.38	0.23754
55.39	0.23792
55.4	0.2381
55.41	0.23848
55.42	0.23866
55.43	0.23866
55.44	0.23866
55.45	0.23885
55.46	0.23885
55.47	0.23885
55.48	0.23885
55.49	0.23885
55.5	0.23885
55.51	0.23885
55.52	0.23885
55.53	0.23904
55.54	0.23922
55.55	0.23941
55.56	0.2396
55.57	0.2396
55.58	0.23978
55.59	0.23978
55.6	0.23978
55.61	0.23997
55.62	0.23997
55.63	0.23997
55.64	0.23997
55.65	0.24016
55.66	0.24016
55.67	0.24034
55.68	0.24034
55.69	0.24053
55.7	0.24072
55.71	0.24072
55.72	0.24072
55.73	0.24072
55.74	0.2409
55.75	0.24109
55.76	0.24109
55.77	0.24109
55.78	0.24109
55.79	0.24109
55.8	0.24109
55.81	0.24128
55.82	0.24128
55.83	0.24128
55.84	0.24165
55.85	0.24202
55.86	0.24202
55.87	0.24202
55.88	0.24202
55.89	0.24221
55.9	0.24221
55.91	0.24221
55.92	0.24221
55.93	0.24258
55.94	0.24258
55.95	0.24277
55.96	0.24314
55.97	0.24333
55.98	0.24333
55.99	0.24333
56	0.24333
56.01	0.24352
56.02	0.24352
56.03	0.24352
56.04	0.24352
56.05	0.24352
56.06	0.2437
56.07	0.2437
56.08	0.2437
56.09	0.2437
56.1	0.2437
56.11	0.24389
56.12	0.24389
56.13	0.24389
56.14	0.24389
56.15	0.24408
56.16	0.24408
56.17	0.24426
56.18	0.24445
56.19	0.24445
56.2	0.24464
56.21	0.24501
56.22	0.24501
56.23	0.24519
56.24	0.24538
56.25	0.24538
56.26	0.24538
56.27	0.24538
56.28	0.24557
56.29	0.24557
56.3	0.24575
56.31	0.24594
56.32	0.24594
56.33	0.24613
56.34	0.2465
56.35	0.24687
56.36	0.24687
56.37	0.24687
56.38	0.24687
56.39	0.24706
56.4	0.24706
56.41	0.24706
56.42	0.24706
56.43	0.24706
56.44	0.24725
56.45	0.24725
56.46	0.24725
56.47	0.24725
56.48	0.24743
56.49	0.24762
56.5	0.24781
56.51	0.24799
56.52	0.24818
56.53	0.24837
56.54	0.24855
56.55	0.24855
56.56	0.24893
56.57	0.24911
56.58	0.24911
56.59	0.2493
56.6	0.2493
56.61	0.2493
56.62	0.2493
56.63	0.2493
56.64	0.2493
56.65	0.2493
56.66	0.2493
56.67	0.2493
56.68	0.2493
56.69	0.2493
56.7	0.24949
56.71	0.24967
56.72	0.24967
56.73	0.24967
56.74	0.24967
56.75	0.24967
56.76	0.24967
56.77	0.24967
56.78	0.24967
56.79	0.25005
56.8	0.25005
56.81	0.25023
56.82	0.25042
56.83	0.25042
56.84	0.25061
56.85	0.25079
56.86	0.25098
56.87	0.25098
56.88	0.25098
56.89	0.25098
56.9	0.25117
56.91	0.25117
56.92	0.25117
56.93	0.25154
56.94	0.25173
56.95	0.25191
56.96	0.25191
56.97	0.25191
56.98	0.25191
56.99	0.25191
57	0.2521
57.01	0.2521
57.02	0.2521
57.03	0.25229
57.04	0.25247
57.05	0.25247
57.06	0.25247
57.07	0.25266
57.08	0.25285
57.09	0.25285
57.1	0.25303
57.11	0.25322
57.12	0.25322
57.13	0.25322
57.14	0.25341
57.15	0.25341
57.16	0.25341
57.17	0.25359
57.18	0.25378
57.19	0.25378
57.2	0.25378
57.21	0.25378
57.22	0.25397
57.23	0.25397
57.24	0.25397
57.25	0.25397
57.26	0.25397
57.27	0.25415
57.28	0.25415
57.29	0.25434
57.3	0.25453
57.31	0.25453
57.32	0.25453
57.33	0.25453
57.34	0.25453
57.35	0.25453
57.36	0.25471
57.37	0.2549
57.38	0.25527
57.39	0.25546
57.4	0.25546
57.41	0.25583
57.42	0.25583
57.43	0.25583
57.44	0.25583
57.45	0.25583
57.46	0.25602
57.47	0.2562
57.48	0.2562
57.49	0.2562
57.5	0.2562
57.51	0.2562
57.52	0.25639
57.53	0.25639
57.54	0.25639
57.55	0.25639
57.56	0.25639
57.57	0.25639
57.58	0.25658
57.59	0.25676
57.6	0.25695
57.61	0.25714
57.62	0.25714
57.63	0.25714
57.64	0.25732
57.65	0.25732
57.66	0.25732
57.67	0.25732
57.68	0.2577
57.69	0.2577
57.7	0.2577
57.71	0.2577
57.72	0.2577
57.73	0.2577
57.74	0.2577
57.75	0.25788
57.76	0.25788
57.77	0.25788
57.78	0.25788
57.79	0.25788
57.8	0.25788
57.81	0.25788
57.82	0.25826
57.83	0.25826
57.84	0.25863
57.85	0.25863
57.86	0.25863
57.87	0.25863
57.88	0.25863
57.89	0.25863
57.9	0.25863
57.91	0.25882
57.92	0.259
57.93	0.259
57.94	0.25938
57.95	0.25938
57.96	0.25956
57.97	0.25956
57.98	0.25975
57.99	0.25975
58	0.25975
58.01	0.25975
58.02	0.25975
58.03	0.25994
58.04	0.26012
58.05	0.26031
58.06	0.2605
58.07	0.26068
58.08	0.26087
58.09	0.26087
58.1	0.26087
58.11	0.26087
58.12	0.26087
58.13	0.26087
58.14	0.26087
58.15	0.26106
58.16	0.26106
58.17	0.26124
58.18	0.26124
58.19	0.26143
58.2	0.2618
58.21	0.26199
58.22	0.26199
58.23	0.26218
58.24	0.26218
58.25	0.26218
58.26	0.26218
58.27	0.26218
58.28	0.26218
58.29	0.26218
58.3	0.26218
58.31	0.26218
58.32	0.26236
58.33	0.26255
58.34	0.26274
58.35	0.26274
58.36	0.26274
58.37	0.26274
58.38	0.26274
58.39	0.26274
58.4	0.26292
58.41	0.26292
58.42	0.26311
58.43	0.26311
58.44	0.2633
58.45	0.2633
58.46	0.2633
58.47	0.2633
58.48	0.2633
58.49	0.2633
58.5	0.2633
58.51	0.26348
58.52	0.26367
58.53	0.26367
58.54	0.26367
58.55	0.26367
58.56	0.26386
58.57	0.26386
58.58	0.26386
58.59	0.26404
58.6	0.26404
58.61	0.26404
58.62	0.26404
58.63	0.26404
58.64	0.26423
58.65	0.26423
58.66	0.26423
58.67	0.26442
58.68	0.26442
58.69	0.2646
58.7	0.2646
58.71	0.2646
58.72	0.2646
58.73	0.26479
58.74	0.26479
58.75	0.26479
58.76	0.26479
58.77	0.26497
58.78	0.26497
58.79	0.26516
58.8	0.26516
58.81	0.26516
58.82	0.26516
58.83	0.26516
58.84	0.26516
58.85	0.26516
58.86	0.26516
58.87	0.26535
58.88	0.26535
58.89	0.26535
58.9	0.26553
58.91	0.26553
58.92	0.26553
58.93	0.26572
58.94	0.26572
58.95	0.26572
58.96	0.26591
58.97	0.26591
58.98	0.26591
58.99	0.26628
59	0.26628
59.01	0.26647
59.02	0.26665
59.03	0.26665
59.04	0.26665
59.05	0.26665
59.06	0.26665
59.07	0.26665
59.08	0.26665
59.09	0.26665
59.1	0.26665
59.11	0.26665
59.12	0.26665
59.13	0.26703
59.14	0.26703
59.15	0.26721
59.16	0.2674
59.17	0.2674
59.18	0.2674
59.19	0.2674
59.2	0.2674
59.21	0.26759
59.22	0.26759
59.23	0.26759
59.24	0.26777
59.25	0.26777
59.26	0.26796
59.27	0.26833
59.28	0.26852
59.29	0.26852
59.3	0.26871
59.31	0.26871
59.32	0.26908
59.33	0.26908
59.34	0.26908
59.35	0.26927
59.36	0.26927
59.37	0.26927
59.38	0.26945
59.39	0.26945
59.4	0.26945
59.41	0.26945
59.42	0.26945
59.43	0.26964
59.44	0.26964
59.45	0.26964
59.46	0.26964
59.47	0.26983
59.48	0.27001
59.49	0.27001
59.5	0.27001
59.51	0.27001
59.52	0.27001
59.53	0.2702
59.54	0.2702
59.55	0.2702
59.56	0.2702
59.57	0.27039
59.58	0.27039
59.59	0.27057
59.6	0.27095
59.61	0.27095
59.62	0.27113
59.63	0.27113
59.64	0.27113
59.65	0.27132
59.66	0.27132
59.67	0.27132
59.68	0.27151
59.69	0.27151
59.7	0.27151
59.71	0.27169
59.72	0.27188
59.73	0.27207
59.74	0.27207
59.75	0.27207
59.76	0.27207
59.77	0.27225
59.78	0.27244
59.79	0.27244
59.8	0.27244
59.81	0.27244
59.82	0.27244
59.83	0.27244
59.84	0.27244
59.85	0.27244
59.86	0.27244
59.87	0.27263
59.88	0.27263
59.89	0.27281
59.9	0.27281
59.91	0.27281
59.92	0.273
59.93	0.273
59.94	0.273
59.95	0.273
59.96	0.273
59.97	0.273
59.98	0.273
59.99	0.27319
60	0.27319
60.01	0.27319
60.02	0.27337
60.03	0.27337
60.04	0.27337
60.05	0.27356
60.06	0.27356
60.07	0.27375
60.08	0.27375
60.09	0.27375
60.1	0.27375
60.11	0.27375
60.12	0.27393
60.13	0.27393
60.14	0.27412
60.15	0.27412
60.16	0.2743
60.17	0.2743
60.18	0.27449
60.19	0.27468
60.2	0.27468
60.21	0.27468
60.22	0.27486
60.23	0.27486
60.24	0.27486
60.25	0.27505
60.26	0.27542
60.27	0.27542
60.28	0.27542
60.29	0.27542
60.3	0.27561
60.31	0.27561
60.32	0.27561
60.33	0.27561
60.34	0.2758
60.35	0.27598
60.36	0.27636
60.37	0.27636
60.38	0.27636
60.39	0.27636
60.4	0.27636
60.41	0.27654
60.42	0.27654
60.43	0.27673
60.44	0.2771
60.45	0.27729
60.46	0.27729
60.47	0.27729
60.48	0.27729
60.49	0.27729
60.5	0.27729
60.51	0.27729
60.52	0.27729
60.53	0.27729
60.54	0.27766
60.55	0.27766
60.56	0.27766
60.57	0.27785
60.58	0.27804
60.59	0.27822
60.6	0.27822
60.61	0.27822
60.62	0.27841
60.63	0.2786
60.64	0.2786
60.65	0.2786
60.66	0.2786
60.67	0.2786
60.68	0.2786
60.69	0.2786
60.7	0.2786
60.71	0.2786
60.72	0.2786
60.73	0.2786
60.74	0.2786
60.75	0.2786
60.76	0.27878
60.77	0.27897
60.78	0.27897
60.79	0.27953
60.8	0.27972
60.81	0.27972
60.82	0.28009
60.83	0.28046
60.84	0.28046
60.85	0.28046
60.86	0.28046
60.87	0.28046
60.88	0.28046
60.89	0.28046
60.9	0.28065
60.91	0.28102
60.92	0.28102
60.93	0.28102
60.94	0.28102
60.95	0.28102
60.96	0.28102
60.97	0.28121
60.98	0.28121
60.99	0.28121
61	0.28121
61.01	0.2814
61.02	0.2814
61.03	0.2814
61.04	0.2814
61.05	0.28158
61.06	0.28158
61.07	0.28158
61.08	0.28158
61.09	0.28177
61.1	0.28196
61.11	0.28196
61.12	0.28233
61.13	0.28233
61.14	0.28252
61.15	0.2827
61.16	0.2827
61.17	0.2827
61.18	0.2827
61.19	0.2827
61.2	0.28289
61.21	0.28308
61.22	0.28308
61.23	0.28308
61.24	0.28326
61.25	0.28326
61.26	0.28326
61.27	0.28345
61.28	0.28345
61.29	0.28345
61.3	0.28345
61.31	0.28364
61.32	0.28364
61.33	0.28364
61.34	0.28401
61.35	0.28419
61.36	0.28438
61.37	0.28438
61.38	0.28438
61.39	0.28438
61.4	0.28438
61.41	0.28475
61.42	0.28475
61.43	0.28494
61.44	0.28494
61.45	0.28513
61.46	0.28513
61.47	0.28513
61.48	0.28513
61.49	0.28513
61.5	0.28513
61.51	0.28513
61.52	0.28513
61.53	0.28513
61.54	0.28531
61.55	0.28531
61.56	0.28531
61.57	0.2855
61.58	0.2855
61.59	0.2855
61.6	0.2855
61.61	0.28569
61.62	0.28569
61.63	0.28569
61.64	0.28587
61.65	0.28606
61.66	0.28606
61.67	0.28625
61.68	0.28625
61.69	0.28643
61.7	0.28643
61.71	0.28643
61.72	0.28643
61.73	0.28643
61.74	0.28643
61.75	0.28643
61.76	0.28643
61.77	0.28643
61.78	0.28643
61.79	0.28643
61.8	0.28643
61.81	0.28662
61.82	0.28662
61.83	0.28681
61.84	0.28681
61.85	0.28699
61.86	0.28718
61.87	0.28718
61.88	0.28737
61.89	0.28737
61.9	0.28737
61.91	0.28737
61.92	0.28737
61.93	0.28755
61.94	0.28755
61.95	0.28755
61.96	0.28774
61.97	0.28774
61.98	0.28774
61.99	0.28774
62	0.28774
62.01	0.28774
62.02	0.28774
62.03	0.28774
62.04	0.28774
62.05	0.28793
62.06	0.28793
62.07	0.28793
62.08	0.28793
62.09	0.28793
62.1	0.28811
62.11	0.28811
62.12	0.28811
62.13	0.28811
62.14	0.28811
62.15	0.28811
62.16	0.2883
62.17	0.2883
62.18	0.28849
62.19	0.28849
62.2	0.28849
62.21	0.28849
62.22	0.28849
62.23	0.28849
62.24	0.28849
62.25	0.28849
62.26	0.28849
62.27	0.28849
62.28	0.28867
62.29	0.28867
62.3	0.28867
62.31	0.28867
62.32	0.28867
62.33	0.28867
62.34	0.28867
62.35	0.28886
62.36	0.28923
62.37	0.28942
62.38	0.28942
62.39	0.28961
62.4	0.28961
62.41	0.28961
62.42	0.28979
62.43	0.28998
62.44	0.28998
62.45	0.28998
62.46	0.28998
62.47	0.28998
62.48	0.28998
62.49	0.28998
62.5	0.28998
62.51	0.28998
62.52	0.28998
62.53	0.28998
62.54	0.29017
62.55	0.29035
62.56	0.29035
62.57	0.29035
62.58	0.29035
62.59	0.29035
62.6	0.29054
62.61	0.29054
62.62	0.29054
62.63	0.29054
62.64	0.29054
62.65	0.29054
62.66	0.29073
62.67	0.29091
62.68	0.2911
62.69	0.29129
62.7	0.29147
62.71	0.29166
62.72	0.29166
62.73	0.29166
62.74	0.29166
62.75	0.29166
62.76	0.29166
62.77	0.29166
62.78	0.29166
62.79	0.29185
62.8	0.29185
62.81	0.29185
62.82	0.29203
62.83	0.29203
62.84	0.29203
62.85	0.29203
62.86	0.29203
62.87	0.29203
62.88	0.29203
62.89	0.29203
62.9	0.29203
62.91	0.29203
62.92	0.29203
62.93	0.29203
62.94	0.29203
62.95	0.29203
62.96	0.29203
62.97	0.29222
62.98	0.29222
62.99	0.29222
63	0.29241
63.01	0.29241
63.02	0.29241
63.03	0.29259
63.04	0.29259
63.05	0.29259
63.06	0.29259
63.07	0.29259
63.08	0.29259
63.09	0.29259
63.1	0.29278
63.11	0.29278
63.12	0.29278
63.13	0.29278
63.14	0.29278
63.15	0.29297
63.16	0.29315
63.17	0.29315
63.18	0.29315
63.19	0.29315
63.2	0.29315
63.21	0.29315
63.22	0.29334
63.23	0.29352
63.24	0.29352
63.25	0.29371
63.26	0.29371
63.27	0.29371
63.28	0.29408
63.29	0.29408
63.3	0.29408
63.31	0.29408
63.32	0.29408
63.33	0.29408
63.34	0.29427
63.35	0.29427
63.36	0.29427
63.37	0.29464
63.38	0.29464
63.39	0.29464
63.4	0.29464
63.41	0.29464
63.42	0.29464
63.43	0.29483
63.44	0.29483
63.45	0.29502
63.46	0.29502
63.47	0.29502
63.48	0.29502
63.49	0.29502
63.5	0.29502
63.51	0.2952
63.52	0.2952
63.53	0.2952
63.54	0.29558
63.55	0.29558
63.56	0.29558
63.57	0.29558
63.58	0.29558
63.59	0.29558
63.6	0.29558
63.61	0.29576
63.62	0.29576
63.63	0.29595
63.64	0.29595
63.65	0.29614
63.66	0.29632
63.67	0.2967
63.68	0.2967
63.69	0.29688
63.7	0.29688
63.71	0.29688
63.72	0.29707
63.73	0.29707
63.74	0.29707
63.75	0.29707
63.76	0.29707
63.77	0.29707
63.78	0.29726
63.79	0.29726
63.8	0.29726
63.81	0.29744
63.82	0.29744
63.83	0.29763
63.84	0.29763
63.85	0.29763
63.86	0.29763
63.87	0.29763
63.88	0.29763
63.89	0.29782
63.9	0.29782
63.91	0.29782
63.92	0.29782
63.93	0.298
63.94	0.298
63.95	0.298
63.96	0.29819
63.97	0.29838
63.98	0.29838
63.99	0.29856
64	0.29856
64.01	0.29875
64.02	0.29875
64.03	0.29875
64.04	0.29875
64.05	0.29912
64.06	0.29912
64.07	0.29912
64.08	0.29912
64.09	0.29912
64.1	0.29912
64.11	0.29931
64.12	0.29931
64.13	0.2995
64.14	0.29968
64.15	0.29987
64.16	0.29987
64.17	0.29987
64.18	0.29987
64.19	0.29987
64.2	0.30006
64.21	0.30006
64.22	0.30024
64.23	0.30024
64.24	0.30024
64.25	0.30024
64.26	0.30062
64.27	0.30062
64.28	0.3008
64.29	0.30099
64.3	0.30118
64.31	0.30118
