0	0.0001866
0.01	0.0001866
0.02	0.0001866
0.03	0.0001866
0.04	0.0001866
0.05	0.0001866
0.06	0.0001866
0.07	0.0001866
0.08	0.0001866
0.09	0.0001866
0.1	0.0001866
0.11	0.0001866
0.12	0.0001866
0.13	0.0001866
0.14	0.0001866
0.15	0.0001866
0.16	0.0001866
0.17	0.0001866
0.18	0.0001866
0.19	0.0001866
0.2	0.0001866
0.21	0.0001866
0.22	0.0001866
0.23	0.0001866
0.24	0.0001866
0.25	0.0001866
0.26	0.0001866
0.27	0.0001866
0.28	0.0001866
0.29	0.0001866
0.3	0.0001866
0.31	0.0001866
0.32	0.0001866
0.33	0.0001866
0.34	0.0001866
0.35	0.0001866
0.36	0.0001866
0.37	0.0001866
0.38	0.0001866
0.39	0.0001866
0.4	0.0001866
0.41	0.0001866
0.42	0.0001866
0.43	0.0001866
0.44	0.0001866
0.45	0.0001866
0.46	0.0001866
0.47	0.0001866
0.48	0.0001866
0.49	0.0001866
0.5	0.0001866
0.51	0.0001866
0.52	0.0001866
0.53	0.0001866
0.54	0.0001866
0.55	0.0001866
0.56	0.0001866
0.57	0.0001866
0.58	0.0001866
0.59	0.0001866
0.6	0.0001866
0.61	0.0001866
0.62	0.0001866
0.63	0.0001866
0.64	0.0001866
0.65	0.0001866
0.66	0.0001866
0.67	0.0001866
0.68	0.0001866
0.69	0.0001866
0.7	0.0001866
0.71	0.0001866
0.72	0.0001866
0.73	0.0001866
0.74	0.0001866
0.75	0.0001866
0.76	0.0001866
0.77	0.0001866
0.78	0.0001866
0.79	0.0001866
0.8	0.0001866
0.81	0.0001866
0.82	0.0001866
0.83	0.0001866
0.84	0.0001866
0.85	0.0001866
0.86	0.0001866
0.87	0.0001866
0.88	0.0001866
0.89	0.0001866
0.9	0.0001866
0.91	0.0001866
0.92	0.0001866
0.93	0.0001866
0.94	0.0001866
0.95	0.0001866
0.96	0.0001866
0.97	0.0001866
0.98	0.0001866
0.99	0.0001866
1	0.0001866
1.01	0.0001866
1.02	0.0001866
1.03	0.0001866
1.04	0.0001866
1.05	0.0001866
1.06	0.0001866
1.07	0.0001866
1.08	0.0001866
1.09	0.0001866
1.1	0.0001866
1.11	0.0001866
1.12	0.0001866
1.13	0.0001866
1.14	0.0001866
1.15	0.0001866
1.16	0.0001866
1.17	0.0001866
1.18	0.0001866
1.19	0.0001866
1.2	0.0001866
1.21	0.0001866
1.22	0.0001866
1.23	0.0001866
1.24	0.0001866
1.25	0.0001866
1.26	0.0001866
1.27	0.0001866
1.28	0.0001866
1.29	0.0001866
1.3	0.0001866
1.31	0.0001866
1.32	0.0001866
1.33	0.0001866
1.34	0.0001866
1.35	0.0001866
1.36	0.0001866
1.37	0.0001866
1.38	0.0001866
1.39	0.0001866
1.4	0.0001866
1.41	0.0001866
1.42	0.0001866
1.43	0.0001866
1.44	0.0001866
1.45	0.0001866
1.46	0.0001866
1.47	0.0001866
1.48	0.0001866
1.49	0.0001866
1.5	0.0001866
1.51	0.0001866
1.52	0.0001866
1.53	0.0001866
1.54	0.0001866
1.55	0.0001866
1.56	0.0001866
1.57	0.0001866
1.58	0.0001866
1.59	0.0001866
1.6	0.0001866
1.61	0.0001866
1.62	0.0001866
1.63	0.0001866
1.64	0.0001866
1.65	0.0001866
1.66	0.0001866
1.67	0.0001866
1.68	0.0001866
1.69	0.0001866
1.7	0.0001866
1.71	0.0001866
1.72	0.0001866
1.73	0.0001866
1.74	0.0001866
1.75	0.0001866
1.76	0.0001866
1.77	0.0001866
1.78	0.0001866
1.79	0.0001866
1.8	0.0001866
1.81	0.0001866
1.82	0.0001866
1.83	0.0001866
1.84	0.0001866
1.85	0.0001866
1.86	0.0001866
1.87	0.0001866
1.88	0.0001866
1.89	0.0001866
1.9	0.0001866
1.91	0.0001866
1.92	0.0001866
1.93	0.0001866
1.94	0.0001866
1.95	0.0001866
1.96	0.0001866
1.97	0.0001866
1.98	0.0001866
1.99	0.0001866
2	0.0001866
2.01	0.0001866
2.02	0.0001866
2.03	0.0001866
2.04	0.0001866
2.05	0.0001866
2.06	0.0001866
2.07	0.0001866
2.08	0.0001866
2.09	0.0001866
2.1	0.0001866
2.11	0.0001866
2.12	0.0001866
2.13	0.0001866
2.14	0.0001866
2.15	0.0001866
2.16	0.0001866
2.17	0.0001866
2.18	0.0001866
2.19	0.0001866
2.2	0.0001866
2.21	0.0001866
2.22	0.0001866
2.23	0.0001866
2.24	0.0001866
2.25	0.0001866
2.26	0.0001866
2.27	0.0001866
2.28	0.0001866
2.29	0.0001866
2.3	0.0001866
2.31	0.0001866
2.32	0.0001866
2.33	0.0001866
2.34	0.0001866
2.35	0.0001866
2.36	0.0001866
2.37	0.0001866
2.38	0.0001866
2.39	0.0001866
2.4	0.0001866
2.41	0.0001866
2.42	0.0001866
2.43	0.0001866
2.44	0.0001866
2.45	0.0001866
2.46	0.0001866
2.47	0.0001866
2.48	0.0001866
2.49	0.0001866
2.5	0.0001866
2.51	0.0001866
2.52	0.0001866
2.53	0.0001866
2.54	0.0001866
2.55	0.0001866
2.56	0.0001866
2.57	0.0001866
2.58	0.0001866
2.59	0.0001866
2.6	0.0001866
2.61	0.0001866
2.62	0.0001866
2.63	0.0001866
2.64	0.0001866
2.65	0.0001866
2.66	0.0001866
2.67	0.0001866
2.68	0.0001866
2.69	0.0001866
2.7	0.0001866
2.71	0.0001866
2.72	0.0001866
2.73	0.0001866
2.74	0.0001866
2.75	0.0001866
2.76	0.0001866
2.77	0.0001866
2.78	0.0001866
2.79	0.0001866
2.8	0.0001866
2.81	0.0001866
2.82	0.0001866
2.83	0.0001866
2.84	0.0001866
2.85	0.0001866
2.86	0.0001866
2.87	0.0001866
2.88	0.0001866
2.89	0.0001866
2.9	0.0001866
2.91	0.0001866
2.92	0.0001866
2.93	0.0001866
2.94	0.0001866
2.95	0.0001866
2.96	0.0001866
2.97	0.0001866
2.98	0.0001866
2.99	0.0001866
3	0.0001866
3.01	0.0001866
3.02	0.0001866
3.03	0.0001866
3.04	0.0001866
3.05	0.0001866
3.06	0.0001866
3.07	0.0001866
3.08	0.0001866
3.09	0.0001866
3.1	0.0001866
3.11	0.0001866
3.12	0.0001866
3.13	0.0001866
3.14	0.0001866
3.15	0.0001866
3.16	0.0001866
3.17	0.0001866
3.18	0.0001866
3.19	0.0001866
3.2	0.0001866
3.21	0.0001866
3.22	0.0001866
3.23	0.0001866
3.24	0.0001866
3.25	0.0001866
3.26	0.0001866
3.27	0.0001866
3.28	0.0001866
3.29	0.0001866
3.3	0.0001866
3.31	0.0001866
3.32	0.0001866
3.33	0.0001866
3.34	0.0001866
3.35	0.0001866
3.36	0.0001866
3.37	0.0001866
3.38	0.0001866
3.39	0.0001866
3.4	0.0001866
3.41	0.0001866
3.42	0.0001866
3.43	0.0001866
3.44	0.0001866
3.45	0.0001866
3.46	0.0001866
3.47	0.0001866
3.48	0.0001866
3.49	0.0001866
3.5	0.0001866
3.51	0.0001866
3.52	0.0001866
3.53	0.0001866
3.54	0.0001866
3.55	0.0001866
3.56	0.0001866
3.57	0.0001866
3.58	0.0001866
3.59	0.0001866
3.6	0.0001866
3.61	0.0001866
3.62	0.0001866
3.63	0.0001866
3.64	0.0001866
3.65	0.0001866
3.66	0.0001866
3.67	0.0001866
3.68	0.0001866
3.69	0.0001866
3.7	0.0001866
3.71	0.0001866
3.72	0.0001866
3.73	0.0001866
3.74	0.0001866
3.75	0.0001866
3.76	0.0001866
3.77	0.0001866
3.78	0.0001866
3.79	0.0001866
3.8	0.0001866
3.81	0.0001866
3.82	0.0001866
3.83	0.0001866
3.84	0.0001866
3.85	0.0001866
3.86	0.0001866
3.87	0.0001866
3.88	0.0001866
3.89	0.0001866
3.9	0.0001866
3.91	0.0001866
3.92	0.0001866
3.93	0.0001866
3.94	0.0001866
3.95	0.0001866
3.96	0.0001866
3.97	0.0001866
3.98	0.0001866
3.99	0.0001866
4	0.0001866
4.01	0.0001866
4.02	0.0001866
4.03	0.0001866
4.04	0.0001866
4.05	0.0001866
4.06	0.0001866
4.07	0.0001866
4.08	0.0001866
4.09	0.0001866
4.1	0.0001866
4.11	0.0001866
4.12	0.0001866
4.13	0.0001866
4.14	0.0001866
4.15	0.0001866
4.16	0.0001866
4.17	0.0001866
4.18	0.0001866
4.19	0.0001866
4.2	0.0001866
4.21	0.0001866
4.22	0.0001866
4.23	0.0001866
4.24	0.0001866
4.25	0.0001866
4.26	0.0001866
4.27	0.0001866
4.28	0.0001866
4.29	0.0001866
4.3	0.0001866
4.31	0.0001866
4.32	0.0001866
4.33	0.0001866
4.34	0.0001866
4.35	0.0001866
4.36	0.0001866
4.37	0.0001866
4.38	0.0001866
4.39	0.0001866
4.4	0.0001866
4.41	0.0001866
4.42	0.0001866
4.43	0.0001866
4.44	0.0001866
4.45	0.0001866
4.46	0.0001866
4.47	0.0001866
4.48	0.0001866
4.49	0.0001866
4.5	0.0001866
4.51	0.0001866
4.52	0.0001866
4.53	0.0001866
4.54	0.0001866
4.55	0.0001866
4.56	0.0001866
4.57	0.0001866
4.58	0.0001866
4.59	0.0001866
4.6	0.0001866
4.61	0.0001866
4.62	0.0001866
4.63	0.0001866
4.64	0.0001866
4.65	0.0001866
4.66	0.0001866
4.67	0.0001866
4.68	0.0001866
4.69	0.0001866
4.7	0.0001866
4.71	0.0001866
4.72	0.0001866
4.73	0.0001866
4.74	0.0001866
4.75	0.0001866
4.76	0.0001866
4.77	0.0001866
4.78	0.0001866
4.79	0.0001866
4.8	0.0001866
4.81	0.0001866
4.82	0.0001866
4.83	0.0001866
4.84	0.0001866
4.85	0.0001866
4.86	0.0001866
4.87	0.0001866
4.88	0.0001866
4.89	0.0001866
4.9	0.0001866
4.91	0.0001866
4.92	0.0001866
4.93	0.0001866
4.94	0.0001866
4.95	0.0001866
4.96	0.0001866
4.97	0.0001866
4.98	0.0001866
4.99	0.0001866
5	0.0001866
5.01	0.0001866
5.02	0.0001866
5.03	0.0001866
5.04	0.0001866
5.05	0.0001866
5.06	0.0001866
5.07	0.0001866
5.08	0.0001866
5.09	0.0001866
5.1	0.0001866
5.11	0.0001866
5.12	0.0001866
5.13	0.0001866
5.14	0.0001866
5.15	0.0001866
5.16	0.0001866
5.17	0.0001866
5.18	0.0001866
5.19	0.0001866
5.2	0.0001866
5.21	0.0001866
5.22	0.0001866
5.23	0.0001866
5.24	0.0001866
5.25	0.0001866
5.26	0.0001866
5.27	0.0001866
5.28	0.0001866
5.29	0.0001866
5.3	0.0001866
5.31	0.0001866
5.32	0.0001866
5.33	0.0001866
5.34	0.0001866
5.35	0.0001866
5.36	0.0001866
5.37	0.0001866
5.38	0.0001866
5.39	0.0001866
5.4	0.0001866
5.41	0.0001866
5.42	0.0001866
5.43	0.0001866
5.44	0.0001866
5.45	0.0001866
5.46	0.0001866
5.47	0.0001866
5.48	0.0001866
5.49	0.0001866
5.5	0.0001866
5.51	0.0001866
5.52	0.0001866
5.53	0.0001866
5.54	0.0001866
5.55	0.0001866
5.56	0.0001866
5.57	0.0001866
5.58	0.0001866
5.59	0.0001866
5.6	0.0001866
5.61	0.0001866
5.62	0.0001866
5.63	0.0001866
5.64	0.0001866
5.65	0.0001866
5.66	0.0001866
5.67	0.0001866
5.68	0.0001866
5.69	0.0001866
5.7	0.0001866
5.71	0.0001866
5.72	0.0001866
5.73	0.0001866
5.74	0.0001866
5.75	0.0001866
5.76	0.0001866
5.77	0.0001866
5.78	0.0001866
5.79	0.0001866
5.8	0.0001866
5.81	0.0001866
5.82	0.0001866
5.83	0.0001866
5.84	0.0001866
5.85	0.0001866
5.86	0.0001866
5.87	0.0001866
5.88	0.0001866
5.89	0.0001866
5.9	0.0001866
5.91	0.0001866
5.92	0.0001866
5.93	0.0001866
5.94	0.0001866
5.95	0.0001866
5.96	0.0001866
5.97	0.0001866
5.98	0.0001866
5.99	0.0001866
6	0.0001866
6.01	0.0001866
6.02	0.0001866
6.03	0.0001866
6.04	0.0001866
6.05	0.0001866
6.06	0.0001866
6.07	0.0001866
6.08	0.0001866
6.09	0.0001866
6.1	0.0001866
6.11	0.0001866
6.12	0.0001866
6.13	0.0001866
6.14	0.0001866
6.15	0.0001866
6.16	0.0001866
6.17	0.0001866
6.18	0.0001866
6.19	0.0001866
6.2	0.0001866
6.21	0.0001866
6.22	0.0001866
6.23	0.0001866
6.24	0.0001866
6.25	0.0001866
6.26	0.0001866
6.27	0.0001866
6.28	0.0001866
6.29	0.0001866
6.3	0.0001866
6.31	0.0001866
6.32	0.0001866
6.33	0.0001866
6.34	0.0001866
6.35	0.0001866
6.36	0.0001866
6.37	0.0001866
6.38	0.0001866
6.39	0.0001866
6.4	0.0001866
6.41	0.0001866
6.42	0.0001866
6.43	0.0001866
6.44	0.0001866
6.45	0.0001866
6.46	0.0001866
6.47	0.0001866
6.48	0.0001866
6.49	0.0001866
6.5	0.0001866
6.51	0.0001866
6.52	0.0001866
6.53	0.0001866
6.54	0.0001866
6.55	0.0001866
6.56	0.0001866
6.57	0.0001866
6.58	0.0001866
6.59	0.0001866
6.6	0.0001866
6.61	0.0001866
6.62	0.0001866
6.63	0.0001866
6.64	0.0001866
6.65	0.0001866
6.66	0.0001866
6.67	0.0001866
6.68	0.0001866
6.69	0.0001866
6.7	0.0001866
6.71	0.0001866
6.72	0.0001866
6.73	0.0001866
6.74	0.0001866
6.75	0.0001866
6.76	0.0001866
6.77	0.0001866
6.78	0.0001866
6.79	0.0001866
6.8	0.0001866
6.81	0.0001866
6.82	0.0001866
6.83	0.0001866
6.84	0.0001866
6.85	0.0001866
6.86	0.0001866
6.87	0.0001866
6.88	0.0001866
6.89	0.0001866
6.9	0.0001866
6.91	0.0001866
6.92	0.0001866
6.93	0.0001866
6.94	0.0001866
6.95	0.0001866
6.96	0.0001866
6.97	0.0001866
6.98	0.0001866
6.99	0.0001866
7	0.0001866
7.01	0.0001866
7.02	0.0001866
7.03	0.0001866
7.04	0.0001866
7.05	0.0001866
7.06	0.0001866
7.07	0.0001866
7.08	0.0001866
7.09	0.0001866
7.1	0.0001866
7.11	0.0001866
7.12	0.0001866
7.13	0.0001866
7.14	0.0001866
7.15	0.0001866
7.16	0.0001866
7.17	0.0001866
7.18	0.0001866
7.19	0.0001866
7.2	0.0001866
7.21	0.0001866
7.22	0.0001866
7.23	0.0001866
7.24	0.0001866
7.25	0.0001866
7.26	0.0001866
7.27	0.0001866
7.28	0.0001866
7.29	0.0001866
7.3	0.0001866
7.31	0.0001866
7.32	0.0001866
7.33	0.0001866
7.34	0.0001866
7.35	0.0001866
7.36	0.0001866
7.37	0.0001866
7.38	0.0001866
7.39	0.0001866
7.4	0.0001866
7.41	0.0001866
7.42	0.0001866
7.43	0.0001866
7.44	0.0001866
7.45	0.0001866
7.46	0.0001866
7.47	0.0001866
7.48	0.0001866
7.49	0.0001866
7.5	0.0001866
7.51	0.0001866
7.52	0.0001866
7.53	0.0001866
7.54	0.0001866
7.55	0.0001866
7.56	0.0001866
7.57	0.0001866
7.58	0.0001866
7.59	0.0001866
7.6	0.0001866
7.61	0.0001866
7.62	0.0001866
7.63	0.0001866
7.64	0.0001866
7.65	0.0001866
7.66	0.0001866
7.67	0.0001866
7.68	0.0001866
7.69	0.0001866
7.7	0.0001866
7.71	0.0001866
7.72	0.0001866
7.73	0.0001866
7.74	0.0001866
7.75	0.0001866
7.76	0.0001866
7.77	0.0001866
7.78	0.0001866
7.79	0.0001866
7.8	0.0001866
7.81	0.0001866
7.82	0.0001866
7.83	0.0001866
7.84	0.0001866
7.85	0.0001866
7.86	0.0001866
7.87	0.0001866
7.88	0.0001866
7.89	0.0001866
7.9	0.0001866
7.91	0.0001866
7.92	0.0001866
7.93	0.0001866
7.94	0.0001866
7.95	0.0001866
7.96	0.0001866
7.97	0.0001866
7.98	0.0001866
7.99	0.0001866
8	0.0001866
8.01	0.0001866
8.02	0.0001866
8.03	0.0001866
8.04	0.0001866
8.05	0.0001866
8.06	0.0001866
8.07	0.0001866
8.08	0.0001866
8.09	0.0001866
8.1	0.0001866
8.11	0.0001866
8.12	0.0001866
8.13	0.0001866
8.14	0.0001866
8.15	0.0001866
8.16	0.0001866
8.17	0.0001866
8.18	0.0001866
8.19	0.0001866
8.2	0.0001866
8.21	0.0001866
8.22	0.0001866
8.23	0.0001866
8.24	0.0001866
8.25	0.0001866
8.26	0.0001866
8.27	0.0001866
8.28	0.0001866
8.29	0.0001866
8.3	0.0001866
8.31	0.0001866
8.32	0.0001866
8.33	0.0001866
8.34	0.0001866
8.35	0.0001866
8.36	0.0001866
8.37	0.0001866
8.38	0.0001866
8.39	0.0001866
8.4	0.0001866
8.41	0.0001866
8.42	0.0001866
8.43	0.0001866
8.44	0.0001866
8.45	0.0001866
8.46	0.0001866
8.47	0.0001866
8.48	0.0001866
8.49	0.0001866
8.5	0.0001866
8.51	0.0001866
8.52	0.0001866
8.53	0.0001866
8.54	0.0001866
8.55	0.0001866
8.56	0.0001866
8.57	0.0001866
8.58	0.0001866
8.59	0.0001866
8.6	0.0001866
8.61	0.0001866
8.62	0.0001866
8.63	0.0001866
8.64	0.0001866
8.65	0.0001866
8.66	0.0001866
8.67	0.0001866
8.68	0.0001866
8.69	0.0001866
8.7	0.0001866
8.71	0.0001866
8.72	0.0001866
8.73	0.0001866
8.74	0.0001866
8.75	0.0001866
8.76	0.0001866
8.77	0.0001866
8.78	0.0001866
8.79	0.0001866
8.8	0.0001866
8.81	0.0001866
8.82	0.0001866
8.83	0.0001866
8.84	0.0001866
8.85	0.0001866
8.86	0.0001866
8.87	0.0001866
8.88	0.0001866
8.89	0.0001866
8.9	0.0001866
8.91	0.0001866
8.92	0.0001866
8.93	0.0001866
8.94	0.0001866
8.95	0.0001866
8.96	0.0001866
8.97	0.0001866
8.98	0.0001866
8.99	0.0001866
9	0.0001866
9.01	0.0001866
9.02	0.0001866
9.03	0.0001866
9.04	0.0001866
9.05	0.0001866
9.06	0.0001866
9.07	0.0001866
9.08	0.0001866
9.09	0.0001866
9.1	0.0001866
9.11	0.0001866
9.12	0.0001866
9.13	0.0001866
9.14	0.0001866
9.15	0.0001866
9.16	0.0001866
9.17	0.0001866
9.18	0.0001866
9.19	0.0001866
9.2	0.0001866
9.21	0.0001866
9.22	0.0001866
9.23	0.0001866
9.24	0.0001866
9.25	0.0001866
9.26	0.0001866
9.27	0.0001866
9.28	0.0001866
9.29	0.0001866
9.3	0.0001866
9.31	0.0001866
9.32	0.0001866
9.33	0.0001866
9.34	0.0001866
9.35	0.0001866
9.36	0.0001866
9.37	0.0001866
9.38	0.0001866
9.39	0.0001866
9.4	0.0001866
9.41	0.0001866
9.42	0.0001866
9.43	0.0001866
9.44	0.0001866
9.45	0.0001866
9.46	0.0001866
9.47	0.0001866
9.48	0.0001866
9.49	0.0001866
9.5	0.0001866
9.51	0.0001866
9.52	0.0001866
9.53	0.0001866
9.54	0.0001866
9.55	0.0001866
9.56	0.0001866
9.57	0.0001866
9.58	0.0001866
9.59	0.0001866
9.6	0.0001866
9.61	0.0001866
9.62	0.0001866
9.63	0.0001866
9.64	0.0001866
9.65	0.0001866
9.66	0.0001866
9.67	0.0001866
9.68	0.0001866
9.69	0.0001866
9.7	0.0001866
9.71	0.0001866
9.72	0.0001866
9.73	0.0001866
9.74	0.0001866
9.75	0.0001866
9.76	0.0001866
9.77	0.0001866
9.78	0.0001866
9.79	0.0001866
9.8	0.0001866
9.81	0.0001866
9.82	0.0001866
9.83	0.0001866
9.84	0.0001866
9.85	0.0001866
9.86	0.0001866
9.87	0.0001866
9.88	0.0001866
9.89	0.0001866
9.9	0.0001866
9.91	0.0001866
9.92	0.0001866
9.93	0.0001866
9.94	0.0001866
9.95	0.0001866
9.96	0.0001866
9.97	0.0001866
9.98	0.0001866
9.99	0.0001866
10	0.0001866
10.01	0.0001866
10.02	0.0001866
10.03	0.0001866
10.04	0.0001866
10.05	0.0001866
10.06	0.0001866
10.07	0.0001866
10.08	0.0001866
10.09	0.0001866
10.1	0.0001866
10.11	0.0001866
10.12	0.0001866
10.13	0.0001866
10.14	0.0001866
10.15	0.0001866
10.16	0.0001866
10.17	0.0001866
10.18	0.0001866
10.19	0.0001866
10.2	0.0001866
10.21	0.0001866
10.22	0.0001866
10.23	0.0001866
10.24	0.0001866
10.25	0.0001866
10.26	0.0001866
10.27	0.0001866
10.28	0.0001866
10.29	0.0001866
10.3	0.0001866
10.31	0.0001866
10.32	0.0001866
10.33	0.0001866
10.34	0.0001866
10.35	0.0001866
10.36	0.0001866
10.37	0.0001866
10.38	0.0001866
10.39	0.0001866
10.4	0.0001866
10.41	0.0001866
10.42	0.0001866
10.43	0.0001866
10.44	0.0001866
10.45	0.0001866
10.46	0.0001866
10.47	0.0001866
10.48	0.0001866
10.49	0.0001866
10.5	0.0001866
10.51	0.0001866
10.52	0.0001866
10.53	0.0001866
10.54	0.0001866
10.55	0.0001866
10.56	0.0001866
10.57	0.0001866
10.58	0.0001866
10.59	0.0001866
10.6	0.0001866
10.61	0.0001866
10.62	0.0001866
10.63	0.0001866
10.64	0.0001866
10.65	0.0001866
10.66	0.0001866
10.67	0.0001866
10.68	0.0001866
10.69	0.0001866
10.7	0.0001866
10.71	0.0001866
10.72	0.0001866
10.73	0.0001866
10.74	0.0001866
10.75	0.0001866
10.76	0.0001866
10.77	0.0001866
10.78	0.0001866
10.79	0.0001866
10.8	0.0001866
10.81	0.0001866
10.82	0.0001866
10.83	0.0001866
10.84	0.0001866
10.85	0.0001866
10.86	0.0001866
10.87	0.0001866
10.88	0.0001866
10.89	0.0001866
10.9	0.0001866
10.91	0.0001866
10.92	0.0001866
10.93	0.0001866
10.94	0.0001866
10.95	0.0001866
10.96	0.0001866
10.97	0.0001866
10.98	0.0001866
10.99	0.0001866
11	0.0001866
11.01	0.0001866
11.02	0.0001866
11.03	0.0001866
11.04	0.0001866
11.05	0.0001866
11.06	0.0001866
11.07	0.0001866
11.08	0.0001866
11.09	0.0001866
11.1	0.0001866
11.11	0.0001866
11.12	0.0001866
11.13	0.0001866
11.14	0.0001866
11.15	0.0001866
11.16	0.0001866
11.17	0.0001866
11.18	0.0001866
11.19	0.0001866
11.2	0.0001866
11.21	0.0001866
11.22	0.0001866
11.23	0.0001866
11.24	0.0001866
11.25	0.0001866
11.26	0.0001866
11.27	0.0001866
11.28	0.0001866
11.29	0.0001866
11.3	0.0001866
11.31	0.0001866
11.32	0.0001866
11.33	0.0001866
11.34	0.0001866
11.35	0.0001866
11.36	0.0001866
11.37	0.0001866
11.38	0.0001866
11.39	0.0001866
11.4	0.0001866
11.41	0.0001866
11.42	0.0001866
11.43	0.0001866
11.44	0.0001866
11.45	0.0001866
11.46	0.0001866
11.47	0.0001866
11.48	0.0001866
11.49	0.0001866
11.5	0.0001866
11.51	0.0001866
11.52	0.0001866
11.53	0.0001866
11.54	0.0001866
11.55	0.0001866
11.56	0.0001866
11.57	0.0001866
11.58	0.0001866
11.59	0.0001866
11.6	0.0001866
11.61	0.0001866
11.62	0.0001866
11.63	0.0001866
11.64	0.0001866
11.65	0.0001866
11.66	0.0001866
11.67	0.0001866
11.68	0.0001866
11.69	0.0001866
11.7	0.0001866
11.71	0.0001866
11.72	0.0001866
11.73	0.0001866
11.74	0.0001866
11.75	0.0001866
11.76	0.0001866
11.77	0.0001866
11.78	0.0001866
11.79	0.0001866
11.8	0.0001866
11.81	0.0001866
11.82	0.0001866
11.83	0.0001866
11.84	0.0001866
11.85	0.0001866
11.86	0.0001866
11.87	0.0001866
11.88	0.0001866
11.89	0.0001866
11.9	0.0001866
11.91	0.0001866
11.92	0.0001866
11.93	0.0001866
11.94	0.0001866
11.95	0.0001866
11.96	0.0001866
11.97	0.0001866
11.98	0.0001866
11.99	0.0001866
12	0.0001866
12.01	0.0001866
12.02	0.0001866
12.03	0.0001866
12.04	0.0001866
12.05	0.0001866
12.06	0.0001866
12.07	0.0001866
12.08	0.0001866
12.09	0.0001866
12.1	0.0001866
12.11	0.0001866
12.12	0.0001866
12.13	0.0001866
12.14	0.0001866
12.15	0.0001866
12.16	0.0001866
12.17	0.0001866
12.18	0.0001866
12.19	0.0001866
12.2	0.0001866
12.21	0.0001866
12.22	0.0001866
12.23	0.0001866
12.24	0.0001866
12.25	0.0001866
12.26	0.0001866
12.27	0.0001866
12.28	0.0001866
12.29	0.0001866
12.3	0.0001866
12.31	0.0001866
12.32	0.0001866
12.33	0.0001866
12.34	0.0001866
12.35	0.0001866
12.36	0.0001866
12.37	0.0001866
12.38	0.0001866
12.39	0.0001866
12.4	0.0001866
12.41	0.0001866
12.42	0.0001866
12.43	0.0001866
12.44	0.0001866
12.45	0.0001866
12.46	0.0001866
12.47	0.0001866
12.48	0.0001866
12.49	0.0001866
12.5	0.0001866
12.51	0.0001866
12.52	0.0001866
12.53	0.0001866
12.54	0.0001866
12.55	0.0001866
12.56	0.0001866
12.57	0.0001866
12.58	0.0001866
12.59	0.0001866
12.6	0.0001866
12.61	0.0001866
12.62	0.0001866
12.63	0.0001866
12.64	0.0001866
12.65	0.0001866
12.66	0.0001866
12.67	0.0001866
12.68	0.0001866
12.69	0.0001866
12.7	0.0001866
12.71	0.0001866
12.72	0.0001866
12.73	0.0001866
12.74	0.0001866
12.75	0.0001866
12.76	0.0001866
12.77	0.0001866
12.78	0.0001866
12.79	0.0001866
12.8	0.0001866
12.81	0.0001866
12.82	0.0001866
12.83	0.0001866
12.84	0.0001866
12.85	0.0001866
12.86	0.0001866
12.87	0.0001866
12.88	0.0001866
12.89	0.0001866
12.9	0.0001866
12.91	0.0001866
12.92	0.0001866
12.93	0.0001866
12.94	0.0001866
12.95	0.0001866
12.96	0.0001866
12.97	0.0001866
12.98	0.0001866
12.99	0.0001866
13	0.0001866
13.01	0.0001866
13.02	0.0001866
13.03	0.0001866
13.04	0.0001866
13.05	0.0001866
13.06	0.0001866
13.07	0.0001866
13.08	0.0001866
13.09	0.0001866
13.1	0.0001866
13.11	0.0001866
13.12	0.0001866
13.13	0.0001866
13.14	0.0001866
13.15	0.0001866
13.16	0.0001866
13.17	0.0001866
13.18	0.0001866
13.19	0.0001866
13.2	0.0001866
13.21	0.0001866
13.22	0.0001866
13.23	0.0001866
13.24	0.0001866
13.25	0.0001866
13.26	0.0001866
13.27	0.0001866
13.28	0.0001866
13.29	0.0001866
13.3	0.0001866
13.31	0.0001866
13.32	0.0001866
13.33	0.0001866
13.34	0.0001866
13.35	0.0001866
13.36	0.0001866
13.37	0.0001866
13.38	0.0001866
13.39	0.0001866
13.4	0.0001866
13.41	0.0001866
13.42	0.0001866
13.43	0.0001866
13.44	0.0001866
13.45	0.0001866
13.46	0.0001866
13.47	0.0001866
13.48	0.0001866
13.49	0.0001866
13.5	0.0001866
13.51	0.0001866
13.52	0.0001866
13.53	0.0001866
13.54	0.0001866
13.55	0.0001866
13.56	0.0001866
13.57	0.0001866
13.58	0.0001866
13.59	0.0001866
13.6	0.0001866
13.61	0.0001866
13.62	0.0001866
13.63	0.0001866
13.64	0.0001866
13.65	0.0001866
13.66	0.0001866
13.67	0.0001866
13.68	0.0001866
13.69	0.0001866
13.7	0.0001866
13.71	0.0001866
13.72	0.0001866
13.73	0.0001866
13.74	0.0001866
13.75	0.0001866
13.76	0.0001866
13.77	0.0001866
13.78	0.0001866
13.79	0.0001866
13.8	0.0001866
13.81	0.0001866
13.82	0.0001866
13.83	0.0001866
13.84	0.0001866
13.85	0.0001866
13.86	0.0001866
13.87	0.0001866
13.88	0.0001866
13.89	0.0001866
13.9	0.0001866
13.91	0.0001866
13.92	0.0001866
13.93	0.0001866
13.94	0.0001866
13.95	0.0001866
13.96	0.0001866
13.97	0.0001866
13.98	0.0001866
13.99	0.0001866
14	0.0001866
14.01	0.0001866
14.02	0.0001866
14.03	0.0001866
14.04	0.0001866
14.05	0.0001866
14.06	0.0001866
14.07	0.0001866
14.08	0.0001866
14.09	0.0001866
14.1	0.0001866
14.11	0.0001866
14.12	0.0001866
14.13	0.0001866
14.14	0.0001866
14.15	0.0001866
14.16	0.0001866
14.17	0.0001866
14.18	0.0001866
14.19	0.0001866
14.2	0.0001866
14.21	0.0001866
14.22	0.0001866
14.23	0.0001866
14.24	0.0001866
14.25	0.0001866
14.26	0.0001866
14.27	0.0001866
14.28	0.0001866
14.29	0.0001866
14.3	0.0001866
14.31	0.0001866
14.32	0.0001866
14.33	0.0001866
14.34	0.0001866
14.35	0.0001866
14.36	0.0001866
14.37	0.0001866
14.38	0.0001866
14.39	0.0001866
14.4	0.0001866
14.41	0.0001866
14.42	0.0001866
14.43	0.0001866
14.44	0.0001866
14.45	0.0001866
14.46	0.0001866
14.47	0.0001866
14.48	0.0001866
14.49	0.0001866
14.5	0.0001866
14.51	0.0001866
14.52	0.0001866
14.53	0.0001866
14.54	0.0001866
14.55	0.0001866
14.56	0.0001866
14.57	0.0001866
14.58	0.0001866
14.59	0.0001866
14.6	0.0001866
14.61	0.0001866
14.62	0.0001866
14.63	0.0001866
14.64	0.0001866
14.65	0.0001866
14.66	0.0001866
14.67	0.0001866
14.68	0.0001866
14.69	0.0001866
14.7	0.0001866
14.71	0.0001866
14.72	0.0001866
14.73	0.0001866
14.74	0.0001866
14.75	0.0001866
14.76	0.0001866
14.77	0.0001866
14.78	0.0001866
14.79	0.0001866
14.8	0.0001866
14.81	0.0001866
14.82	0.0001866
14.83	0.0001866
14.84	0.0001866
14.85	0.0001866
14.86	0.0001866
14.87	0.0001866
14.88	0.0001866
14.89	0.0001866
14.9	0.0001866
14.91	0.0001866
14.92	0.0001866
14.93	0.0001866
14.94	0.0001866
14.95	0.0001866
14.96	0.0001866
14.97	0.0001866
14.98	0.0001866
14.99	0.0001866
15	0.0001866
15.01	0.0001866
15.02	0.0001866
15.03	0.0001866
15.04	0.0001866
15.05	0.0001866
15.06	0.0001866
15.07	0.0001866
15.08	0.0001866
15.09	0.0001866
15.1	0.0001866
15.11	0.0001866
15.12	0.0001866
15.13	0.0001866
15.14	0.0001866
15.15	0.0001866
15.16	0.0001866
15.17	0.0001866
15.18	0.0001866
15.19	0.0001866
15.2	0.0001866
15.21	0.0001866
15.22	0.0001866
15.23	0.0001866
15.24	0.0001866
15.25	0.0001866
15.26	0.0001866
15.27	0.0001866
15.28	0.0001866
15.29	0.0001866
15.3	0.0001866
15.31	0.0001866
15.32	0.0001866
15.33	0.0001866
15.34	0.0001866
15.35	0.0001866
15.36	0.0001866
15.37	0.0001866
15.38	0.0001866
15.39	0.0001866
15.4	0.0001866
15.41	0.0001866
15.42	0.0001866
15.43	0.0001866
15.44	0.0001866
15.45	0.0001866
15.46	0.0001866
15.47	0.0001866
15.48	0.0001866
15.49	0.0001866
15.5	0.0001866
15.51	0.0001866
15.52	0.0001866
15.53	0.0001866
15.54	0.0001866
15.55	0.0001866
15.56	0.0001866
15.57	0.0001866
15.58	0.0001866
15.59	0.0001866
15.6	0.0001866
15.61	0.0001866
15.62	0.0001866
15.63	0.0001866
15.64	0.0001866
15.65	0.0001866
15.66	0.0001866
15.67	0.0001866
15.68	0.0001866
15.69	0.0001866
15.7	0.0001866
15.71	0.0001866
15.72	0.0001866
15.73	0.0001866
15.74	0.0001866
15.75	0.0001866
15.76	0.0001866
15.77	0.0001866
15.78	0.0001866
15.79	0.0001866
15.8	0.0001866
15.81	0.0001866
15.82	0.0001866
15.83	0.0001866
15.84	0.0001866
15.85	0.0001866
15.86	0.0001866
15.87	0.0001866
15.88	0.0001866
15.89	0.0001866
15.9	0.0001866
15.91	0.0001866
15.92	0.0001866
15.93	0.0001866
15.94	0.0001866
15.95	0.0001866
15.96	0.0001866
15.97	0.0001866
15.98	0.0001866
15.99	0.0001866
16	0.0001866
16.01	0.0001866
16.02	0.0001866
16.03	0.0001866
16.04	0.0001866
16.05	0.0001866
16.06	0.0001866
16.07	0.0001866
16.08	0.0001866
16.09	0.0001866
16.1	0.0001866
16.11	0.0001866
16.12	0.0001866
16.13	0.0001866
16.14	0.0001866
16.15	0.0001866
16.16	0.0001866
16.17	0.0001866
16.18	0.0001866
16.19	0.0001866
16.2	0.0001866
16.21	0.0001866
16.22	0.0001866
16.23	0.0001866
16.24	0.0001866
16.25	0.0001866
16.26	0.0001866
16.27	0.0001866
16.28	0.0001866
16.29	0.0001866
16.3	0.0001866
16.31	0.0001866
16.32	0.0001866
16.33	0.0001866
16.34	0.0001866
16.35	0.0001866
16.36	0.0001866
16.37	0.0001866
16.38	0.0001866
16.39	0.0001866
16.4	0.0001866
16.41	0.0001866
16.42	0.0001866
16.43	0.0001866
16.44	0.0001866
16.45	0.0001866
16.46	0.0001866
16.47	0.0001866
16.48	0.0001866
16.49	0.0001866
16.5	0.0001866
16.51	0.0001866
16.52	0.0001866
16.53	0.0001866
16.54	0.0001866
16.55	0.0001866
16.56	0.0001866
16.57	0.0001866
16.58	0.0001866
16.59	0.0001866
16.6	0.0001866
16.61	0.0001866
16.62	0.0001866
16.63	0.0001866
16.64	0.0001866
16.65	0.0001866
16.66	0.0001866
16.67	0.0001866
16.68	0.0001866
16.69	0.0001866
16.7	0.0001866
16.71	0.0001866
16.72	0.0001866
16.73	0.0001866
16.74	0.0001866
16.75	0.0001866
16.76	0.0001866
16.77	0.0001866
16.78	0.0001866
16.79	0.0001866
16.8	0.0001866
16.81	0.0001866
16.82	0.0001866
16.83	0.0001866
16.84	0.0001866
16.85	0.0001866
16.86	0.0001866
16.87	0.0001866
16.88	0.0001866
16.89	0.0001866
16.9	0.0001866
16.91	0.0001866
16.92	0.0001866
16.93	0.0001866
16.94	0.0001866
16.95	0.0001866
16.96	0.0001866
16.97	0.0001866
16.98	0.0001866
16.99	0.0001866
17	0.0001866
17.01	0.0001866
17.02	0.0001866
17.03	0.0001866
17.04	0.0001866
17.05	0.0001866
17.06	0.0001866
17.07	0.0001866
17.08	0.0001866
17.09	0.0001866
17.1	0.0001866
17.11	0.0001866
17.12	0.0001866
17.13	0.0001866
17.14	0.0001866
17.15	0.0001866
17.16	0.0001866
17.17	0.0001866
17.18	0.0001866
17.19	0.0001866
17.2	0.0001866
17.21	0.0001866
17.22	0.0001866
17.23	0.0001866
17.24	0.0001866
17.25	0.0001866
17.26	0.0001866
17.27	0.0001866
17.28	0.0001866
17.29	0.0001866
17.3	0.0001866
17.31	0.0001866
17.32	0.0001866
17.33	0.0001866
17.34	0.0001866
17.35	0.0001866
17.36	0.0001866
17.37	0.0001866
17.38	0.0001866
17.39	0.0001866
17.4	0.0001866
17.41	0.0001866
17.42	0.0001866
17.43	0.0001866
17.44	0.0001866
17.45	0.0001866
17.46	0.0001866
17.47	0.0001866
17.48	0.0001866
17.49	0.0001866
17.5	0.0001866
17.51	0.0001866
17.52	0.0001866
17.53	0.0001866
17.54	0.0001866
17.55	0.0001866
17.56	0.0001866
17.57	0.0001866
17.58	0.0001866
17.59	0.0001866
17.6	0.0001866
17.61	0.0001866
17.62	0.0001866
17.63	0.0001866
17.64	0.0001866
17.65	0.0001866
17.66	0.0001866
17.67	0.0001866
17.68	0.0001866
17.69	0.0001866
17.7	0.0001866
17.71	0.0001866
17.72	0.0001866
17.73	0.0001866
17.74	0.0001866
17.75	0.0001866
17.76	0.0001866
17.77	0.0001866
17.78	0.0001866
17.79	0.0001866
17.8	0.0001866
17.81	0.0001866
17.82	0.0001866
17.83	0.0001866
17.84	0.0001866
17.85	0.0001866
17.86	0.0001866
17.87	0.0001866
17.88	0.0001866
17.89	0.0001866
17.9	0.0001866
17.91	0.0001866
17.92	0.0001866
17.93	0.0001866
17.94	0.0001866
17.95	0.0001866
17.96	0.0001866
17.97	0.0001866
17.98	0.0001866
17.99	0.0001866
18	0.0001866
18.01	0.0001866
18.02	0.0001866
18.03	0.0001866
18.04	0.0001866
18.05	0.0001866
18.06	0.0001866
18.07	0.0001866
18.08	0.0001866
18.09	0.0001866
18.1	0.0001866
18.11	0.0001866
18.12	0.0001866
18.13	0.0001866
18.14	0.0001866
18.15	0.0001866
18.16	0.0001866
18.17	0.0001866
18.18	0.0001866
18.19	0.0001866
18.2	0.0001866
18.21	0.0001866
18.22	0.0001866
18.23	0.0001866
18.24	0.0001866
18.25	0.0001866
18.26	0.0001866
18.27	0.0001866
18.28	0.0001866
18.29	0.0001866
18.3	0.0001866
18.31	0.0001866
18.32	0.0001866
18.33	0.0001866
18.34	0.0001866
18.35	0.0001866
18.36	0.0001866
18.37	0.0001866
18.38	0.0001866
18.39	0.0001866
18.4	0.0001866
18.41	0.0001866
18.42	0.0001866
18.43	0.0001866
18.44	0.0001866
18.45	0.0001866
18.46	0.0001866
18.47	0.0001866
18.48	0.0001866
18.49	0.0001866
18.5	0.0001866
18.51	0.0001866
18.52	0.0001866
18.53	0.0001866
18.54	0.0001866
18.55	0.0001866
18.56	0.0001866
18.57	0.0001866
18.58	0.0001866
18.59	0.0001866
18.6	0.0001866
18.61	0.0001866
18.62	0.0001866
18.63	0.0001866
18.64	0.0001866
18.65	0.0001866
18.66	0.0001866
18.67	0.0001866
18.68	0.0001866
18.69	0.0001866
18.7	0.0001866
18.71	0.0001866
18.72	0.0001866
18.73	0.0001866
18.74	0.0001866
18.75	0.0001866
18.76	0.0001866
18.77	0.0001866
18.78	0.0001866
18.79	0.0001866
18.8	0.0001866
18.81	0.0001866
18.82	0.0001866
18.83	0.0001866
18.84	0.0001866
18.85	0.0001866
18.86	0.0001866
18.87	0.0001866
18.88	0.0001866
18.89	0.0001866
18.9	0.0001866
18.91	0.0001866
18.92	0.0001866
18.93	0.0001866
18.94	0.0001866
18.95	0.0001866
18.96	0.0001866
18.97	0.0001866
18.98	0.0001866
18.99	0.0001866
19	0.0001866
19.01	0.0001866
19.02	0.0001866
19.03	0.0001866
19.04	0.0001866
19.05	0.0001866
19.06	0.0001866
19.07	0.0001866
19.08	0.0001866
19.09	0.0001866
19.1	0.0001866
19.11	0.0001866
19.12	0.0001866
19.13	0.0001866
19.14	0.0001866
19.15	0.0001866
19.16	0.0001866
19.17	0.0001866
19.18	0.0001866
19.19	0.0001866
19.2	0.0001866
19.21	0.0001866
19.22	0.0001866
19.23	0.0001866
19.24	0.0001866
19.25	0.0001866
19.26	0.0001866
19.27	0.0001866
19.28	0.0001866
19.29	0.0001866
19.3	0.0001866
19.31	0.0001866
19.32	0.0001866
19.33	0.0001866
19.34	0.0001866
19.35	0.0001866
19.36	0.0001866
19.37	0.0001866
19.38	0.0001866
19.39	0.0001866
19.4	0.0001866
19.41	0.0001866
19.42	0.0001866
19.43	0.0001866
19.44	0.0001866
19.45	0.0001866
19.46	0.0001866
19.47	0.0001866
19.48	0.0001866
19.49	0.0001866
19.5	0.0001866
19.51	0.0001866
19.52	0.0001866
19.53	0.0001866
19.54	0.0001866
19.55	0.0001866
19.56	0.0001866
19.57	0.0001866
19.58	0.0001866
19.59	0.0001866
19.6	0.0001866
19.61	0.0001866
19.62	0.0001866
19.63	0.0001866
19.64	0.0001866
19.65	0.0001866
19.66	0.0001866
19.67	0.0001866
19.68	0.0001866
19.69	0.0001866
19.7	0.0001866
19.71	0.0001866
19.72	0.0001866
19.73	0.0001866
19.74	0.0001866
19.75	0.0001866
19.76	0.0001866
19.77	0.0001866
19.78	0.0001866
19.79	0.0001866
19.8	0.0001866
19.81	0.0001866
19.82	0.0001866
19.83	0.0001866
19.84	0.0001866
19.85	0.0001866
19.86	0.0001866
19.87	0.0001866
19.88	0.0001866
19.89	0.0001866
19.9	0.0001866
19.91	0.0001866
19.92	0.0001866
19.93	0.0001866
19.94	0.0001866
19.95	0.0001866
19.96	0.0001866
19.97	0.0001866
19.98	0.0001866
19.99	0.0001866
20	0.0001866
20.01	0.0001866
20.02	0.0001866
20.03	0.0001866
20.04	0.0001866
20.05	0.0001866
20.06	0.0001866
20.07	0.0001866
20.08	0.0001866
20.09	0.0001866
20.1	0.0001866
20.11	0.0001866
20.12	0.0001866
20.13	0.0001866
20.14	0.0001866
20.15	0.0001866
20.16	0.0001866
20.17	0.0001866
20.18	0.0001866
20.19	0.0001866
20.2	0.0001866
20.21	0.0001866
20.22	0.0001866
20.23	0.0001866
20.24	0.0001866
20.25	0.0001866
20.26	0.0001866
20.27	0.0001866
20.28	0.0001866
20.29	0.0001866
20.3	0.0001866
20.31	0.0001866
20.32	0.0001866
20.33	0.0001866
20.34	0.0001866
20.35	0.0001866
20.36	0.0001866
20.37	0.0001866
20.38	0.0001866
20.39	0.0001866
20.4	0.0001866
20.41	0.0001866
20.42	0.0001866
20.43	0.0001866
20.44	0.0001866
20.45	0.0001866
20.46	0.0001866
20.47	0.0001866
20.48	0.0001866
20.49	0.0001866
20.5	0.0001866
20.51	0.0001866
20.52	0.0001866
20.53	0.0001866
20.54	0.0001866
20.55	0.0001866
20.56	0.0001866
20.57	0.0001866
20.58	0.0001866
20.59	0.0001866
20.6	0.0001866
20.61	0.0001866
20.62	0.0001866
20.63	0.0001866
20.64	0.0001866
20.65	0.0001866
20.66	0.0001866
20.67	0.0001866
20.68	0.0001866
20.69	0.0001866
20.7	0.0001866
20.71	0.0001866
20.72	0.0001866
20.73	0.0001866
20.74	0.0001866
20.75	0.0001866
20.76	0.0001866
20.77	0.0001866
20.78	0.0001866
20.79	0.0001866
20.8	0.0001866
20.81	0.0001866
20.82	0.0001866
20.83	0.0001866
20.84	0.0001866
20.85	0.0001866
20.86	0.0001866
20.87	0.0001866
20.88	0.0001866
20.89	0.0001866
20.9	0.0001866
20.91	0.0001866
20.92	0.0001866
20.93	0.0001866
20.94	0.0001866
20.95	0.0001866
20.96	0.0001866
20.97	0.0001866
20.98	0.0001866
20.99	0.0001866
21	0.0001866
21.01	0.0001866
21.02	0.0001866
21.03	0.0001866
21.04	0.0001866
21.05	0.0001866
21.06	0.0001866
21.07	0.0001866
21.08	0.0001866
21.09	0.0001866
21.1	0.0001866
21.11	0.0001866
21.12	0.0001866
21.13	0.0001866
21.14	0.0001866
21.15	0.0001866
21.16	0.0001866
21.17	0.0001866
21.18	0.0001866
21.19	0.0001866
21.2	0.0001866
21.21	0.0001866
21.22	0.0001866
21.23	0.0001866
21.24	0.0001866
21.25	0.0001866
21.26	0.0001866
21.27	0.0001866
21.28	0.0001866
21.29	0.0001866
21.3	0.0001866
21.31	0.0001866
21.32	0.0001866
21.33	0.0001866
21.34	0.0001866
21.35	0.0001866
21.36	0.0001866
21.37	0.0001866
21.38	0.0001866
21.39	0.0001866
21.4	0.0001866
21.41	0.0001866
21.42	0.0001866
21.43	0.0001866
21.44	0.0001866
21.45	0.0001866
21.46	0.0001866
21.47	0.0001866
21.48	0.0001866
21.49	0.0001866
21.5	0.0001866
21.51	0.0001866
21.52	0.0001866
21.53	0.0001866
21.54	0.0001866
21.55	0.0001866
21.56	0.0001866
21.57	0.0001866
21.58	0.0001866
21.59	0.0001866
21.6	0.0001866
21.61	0.0001866
21.62	0.0001866
21.63	0.0001866
21.64	0.0001866
21.65	0.0001866
21.66	0.0001866
21.67	0.0001866
21.68	0.0001866
21.69	0.0001866
21.7	0.0001866
21.71	0.0001866
21.72	0.0001866
21.73	0.0001866
21.74	0.0001866
21.75	0.0001866
21.76	0.0001866
21.77	0.0001866
21.78	0.0001866
21.79	0.0001866
21.8	0.0001866
21.81	0.0001866
21.82	0.0001866
21.83	0.0001866
21.84	0.0001866
21.85	0.0001866
21.86	0.0001866
21.87	0.0001866
21.88	0.0001866
21.89	0.0001866
21.9	0.0001866
21.91	0.0001866
21.92	0.0001866
21.93	0.0001866
21.94	0.0001866
21.95	0.0001866
21.96	0.0001866
21.97	0.0001866
21.98	0.0001866
21.99	0.0001866
22	0.0001866
22.01	0.0001866
22.02	0.0001866
22.03	0.0001866
22.04	0.0001866
22.05	0.0001866
22.06	0.0001866
22.07	0.0001866
22.08	0.0001866
22.09	0.0001866
22.1	0.0001866
22.11	0.0001866
22.12	0.0001866
22.13	0.0001866
22.14	0.0001866
22.15	0.0001866
22.16	0.0001866
22.17	0.0001866
22.18	0.0001866
22.19	0.0001866
22.2	0.0001866
22.21	0.0001866
22.22	0.0001866
22.23	0.0001866
22.24	0.0001866
22.25	0.0001866
22.26	0.0001866
22.27	0.0001866
22.28	0.0001866
22.29	0.0001866
22.3	0.0001866
22.31	0.0001866
22.32	0.0001866
22.33	0.0001866
22.34	0.0001866
22.35	0.0001866
22.36	0.0001866
22.37	0.0001866
22.38	0.0001866
22.39	0.0001866
22.4	0.0001866
22.41	0.0001866
22.42	0.0001866
22.43	0.0001866
22.44	0.0001866
22.45	0.0001866
22.46	0.0001866
22.47	0.0001866
22.48	0.0001866
22.49	0.0001866
22.5	0.0001866
22.51	0.0001866
22.52	0.0001866
22.53	0.0001866
22.54	0.0001866
22.55	0.0001866
22.56	0.0001866
22.57	0.0001866
22.58	0.0001866
22.59	0.0001866
22.6	0.00074641
22.61	0.00093301
22.62	0.00093301
22.63	0.00093301
22.64	0.00093301
22.65	0.00093301
22.66	0.00093301
22.67	0.00093301
22.68	0.00093301
22.69	0.00093301
22.7	0.00093301
22.71	0.00093301
22.72	0.00093301
22.73	0.00093301
22.74	0.00093301
22.75	0.00093301
22.76	0.00093301
22.77	0.00093301
22.78	0.00093301
22.79	0.00093301
22.8	0.00093301
22.81	0.00093301
22.82	0.00093301
22.83	0.00093301
22.84	0.00093301
22.85	0.00093301
22.86	0.00093301
22.87	0.00093301
22.88	0.00093301
22.89	0.00093301
22.9	0.00093301
22.91	0.00093301
22.92	0.00093301
22.93	0.00093301
22.94	0.00093301
22.95	0.00093301
22.96	0.00093301
22.97	0.00093301
22.98	0.00093301
22.99	0.00093301
23	0.00093301
23.01	0.00093301
23.02	0.00093301
23.03	0.00093301
23.04	0.00093301
23.05	0.00093301
23.06	0.00093301
23.07	0.00093301
23.08	0.00093301
23.09	0.00093301
23.1	0.00093301
23.11	0.00093301
23.12	0.00093301
23.13	0.00093301
23.14	0.00093301
23.15	0.00093301
23.16	0.00093301
23.17	0.00093301
23.18	0.00093301
23.19	0.00093301
23.2	0.00093301
23.21	0.00093301
23.22	0.00093301
23.23	0.00093301
23.24	0.00093301
23.25	0.00093301
23.26	0.00093301
23.27	0.00093301
23.28	0.00093301
23.29	0.00093301
23.3	0.00093301
23.31	0.00093301
23.32	0.00093301
23.33	0.00093301
23.34	0.00093301
23.35	0.00093301
23.36	0.00093301
23.37	0.00093301
23.38	0.00093301
23.39	0.00093301
23.4	0.00093301
23.41	0.00093301
23.42	0.00093301
23.43	0.00093301
23.44	0.00093301
23.45	0.00093301
23.46	0.00093301
23.47	0.00093301
23.48	0.00093301
23.49	0.00093301
23.5	0.00093301
23.51	0.00093301
23.52	0.00093301
23.53	0.00093301
23.54	0.00093301
23.55	0.00093301
23.56	0.00093301
23.57	0.00093301
23.58	0.00093301
23.59	0.00093301
23.6	0.00093301
23.61	0.00093301
23.62	0.00093301
23.63	0.00093301
23.64	0.00093301
23.65	0.00093301
23.66	0.0013062
23.67	0.0016794
23.68	0.0016794
23.69	0.0016794
23.7	0.0016794
23.71	0.0016794
23.72	0.0016794
23.73	0.0016794
23.74	0.0016794
23.75	0.0016794
23.76	0.0016794
23.77	0.0016794
23.78	0.0016794
23.79	0.0016794
23.8	0.0016794
23.81	0.0016794
23.82	0.0016794
23.83	0.0016794
23.84	0.0016794
23.85	0.0016794
23.86	0.0016794
23.87	0.0016794
23.88	0.0016794
23.89	0.0016794
23.9	0.0016794
23.91	0.0016794
23.92	0.0016794
23.93	0.0016794
23.94	0.0016794
23.95	0.0016794
23.96	0.0016794
23.97	0.0016794
23.98	0.0016794
23.99	0.0016794
24	0.0016794
24.01	0.0016794
24.02	0.0016794
24.03	0.0016794
24.04	0.0016794
24.05	0.0016794
24.06	0.0016794
24.07	0.0016794
24.08	0.0016794
24.09	0.0016794
24.1	0.0016794
24.11	0.0016794
24.12	0.0016794
24.13	0.0016794
24.14	0.0016794
24.15	0.0016794
24.16	0.0016794
24.17	0.0016794
24.18	0.0016794
24.19	0.0016794
24.2	0.0016794
24.21	0.0016794
24.22	0.0016794
24.23	0.0016794
24.24	0.0016794
24.25	0.0016794
24.26	0.0016794
24.27	0.0016794
24.28	0.0016794
24.29	0.0016794
24.3	0.0016794
24.31	0.0016794
24.32	0.0016794
24.33	0.0016794
24.34	0.0016794
24.35	0.0016794
24.36	0.0016794
24.37	0.0016794
24.38	0.0016794
24.39	0.0016794
24.4	0.0016794
24.41	0.0016794
24.42	0.0016794
24.43	0.0016794
24.44	0.0016794
24.45	0.0016794
24.46	0.0016794
24.47	0.0016794
24.48	0.0020526
24.49	0.0022392
24.5	0.0024258
24.51	0.0024258
24.52	0.0024258
24.53	0.0024258
24.54	0.0024258
24.55	0.0024258
24.56	0.0024258
24.57	0.0024258
24.58	0.0024258
24.59	0.0024258
24.6	0.0024258
24.61	0.0024258
24.62	0.0024258
24.63	0.0024258
24.64	0.0024258
24.65	0.0024258
24.66	0.0024258
24.67	0.0024258
24.68	0.0024258
24.69	0.0024258
24.7	0.0024258
24.71	0.0024258
24.72	0.0024258
24.73	0.0024258
24.74	0.0024258
24.75	0.0024258
24.76	0.0024258
24.77	0.0024258
24.78	0.0024258
24.79	0.0024258
24.8	0.0024258
24.81	0.0024258
24.82	0.0024258
24.83	0.0024258
24.84	0.0024258
24.85	0.0024258
24.86	0.0024258
24.87	0.0024258
24.88	0.0024258
24.89	0.0024258
24.9	0.0024258
24.91	0.0024258
24.92	0.0024258
24.93	0.0024258
24.94	0.0024258
24.95	0.0024258
24.96	0.0024258
24.97	0.0024258
24.98	0.0033588
24.99	0.003732
25	0.0039186
25.01	0.0039186
25.02	0.0039186
25.03	0.0039186
25.04	0.0039186
25.05	0.0039186
25.06	0.0039186
25.07	0.0039186
25.08	0.0039186
25.09	0.0039186
25.1	0.0039186
25.11	0.0039186
25.12	0.0039186
25.13	0.0039186
25.14	0.0039186
25.15	0.0039186
25.16	0.0039186
25.17	0.0039186
25.18	0.0039186
25.19	0.0039186
25.2	0.0039186
25.21	0.0039186
25.22	0.0039186
25.23	0.0039186
25.24	0.0039186
25.25	0.0039186
25.26	0.0039186
25.27	0.0039186
25.28	0.0039186
25.29	0.0039186
25.3	0.0039186
25.31	0.0039186
25.32	0.0039186
25.33	0.0039186
25.34	0.0039186
25.35	0.0039186
25.36	0.0039186
25.37	0.0039186
25.38	0.0039186
25.39	0.0039186
25.4	0.0039186
25.41	0.0039186
25.42	0.0039186
25.43	0.0039186
25.44	0.0039186
25.45	0.0039186
25.46	0.0039186
25.47	0.0039186
25.48	0.0039186
25.49	0.0039186
25.5	0.0039186
25.51	0.0039186
25.52	0.0039186
25.53	0.0039186
25.54	0.0039186
25.55	0.0039186
25.56	0.0039186
25.57	0.0039186
25.58	0.0039186
25.59	0.0039186
25.6	0.0039186
25.61	0.0039186
25.62	0.0039186
25.63	0.0039186
25.64	0.0039186
25.65	0.0039186
25.66	0.0039186
25.67	0.0039186
25.68	0.0039186
25.69	0.0039186
25.7	0.0039186
25.71	0.0039186
25.72	0.0039186
25.73	0.0039186
25.74	0.0039186
25.75	0.0039186
25.76	0.0039186
25.77	0.0039186
25.78	0.0039186
25.79	0.0039186
25.8	0.0039186
25.81	0.0039186
25.82	0.0039186
25.83	0.0039186
25.84	0.0039186
25.85	0.0039186
25.86	0.0042918
25.87	0.0042918
25.88	0.0044784
25.89	0.0044784
25.9	0.004665
25.91	0.004665
25.92	0.004665
25.93	0.004665
25.94	0.004665
25.95	0.004665
25.96	0.004665
25.97	0.004665
25.98	0.004665
25.99	0.004665
26	0.0050383
26.01	0.0052249
26.02	0.0052249
26.03	0.0052249
26.04	0.0054115
26.05	0.0054115
26.06	0.0054115
26.07	0.0054115
26.08	0.0054115
26.09	0.0054115
26.1	0.0054115
26.11	0.0054115
26.12	0.0054115
26.13	0.0054115
26.14	0.0054115
26.15	0.0054115
26.16	0.0054115
26.17	0.0054115
26.18	0.0054115
26.19	0.0054115
26.2	0.0054115
26.21	0.0054115
26.22	0.0054115
26.23	0.0054115
26.24	0.0054115
26.25	0.0054115
26.26	0.0054115
26.27	0.0059713
26.28	0.0063445
26.29	0.0063445
26.3	0.0065311
26.31	0.0067177
26.32	0.0069043
26.33	0.0069043
26.34	0.0069043
26.35	0.0069043
26.36	0.0069043
26.37	0.0069043
26.38	0.0069043
26.39	0.0069043
26.4	0.0069043
26.41	0.0069043
26.42	0.0069043
26.43	0.0069043
26.44	0.0069043
26.45	0.0069043
26.46	0.0069043
26.47	0.0069043
26.48	0.0069043
26.49	0.0069043
26.5	0.0069043
26.51	0.0069043
26.52	0.0069043
26.53	0.0069043
26.54	0.0069043
26.55	0.0069043
26.56	0.0069043
26.57	0.0069043
26.58	0.0069043
26.59	0.0069043
26.6	0.0069043
26.61	0.0069043
26.62	0.0069043
26.63	0.0069043
26.64	0.0069043
26.65	0.0069043
26.66	0.0069043
26.67	0.0069043
26.68	0.0069043
26.69	0.0069043
26.7	0.0069043
26.71	0.0069043
26.72	0.0069043
26.73	0.0069043
26.74	0.0069043
26.75	0.0069043
26.76	0.0069043
26.77	0.0069043
26.78	0.0069043
26.79	0.0069043
26.8	0.0069043
26.81	0.0069043
26.82	0.0069043
26.83	0.0069043
26.84	0.0069043
26.85	0.0069043
26.86	0.0069043
26.87	0.0069043
26.88	0.0074641
26.89	0.0076507
26.9	0.0078373
26.91	0.0078373
26.92	0.0080239
26.93	0.0082105
26.94	0.0082105
26.95	0.0083971
26.96	0.0083971
26.97	0.0083971
26.98	0.0083971
26.99	0.0083971
27	0.0083971
27.01	0.0083971
27.02	0.0083971
27.03	0.0083971
27.04	0.0083971
27.05	0.0083971
27.06	0.0083971
27.07	0.0083971
27.08	0.0083971
27.09	0.0083971
27.1	0.0083971
27.11	0.0083971
27.12	0.0083971
27.13	0.0083971
27.14	0.0083971
27.15	0.0083971
27.16	0.0083971
27.17	0.0083971
27.18	0.0083971
27.19	0.0083971
27.2	0.0083971
27.21	0.0083971
27.22	0.0083971
27.23	0.0083971
27.24	0.0083971
27.25	0.0083971
27.26	0.0083971
27.27	0.0083971
27.28	0.0083971
27.29	0.0083971
27.3	0.0083971
27.31	0.0087703
27.32	0.0087703
27.33	0.0089569
27.34	0.0089569
27.35	0.0089569
27.36	0.0089569
27.37	0.0089569
27.38	0.0091435
27.39	0.0091435
27.4	0.0091435
27.41	0.0091435
27.42	0.0091435
27.43	0.0091435
27.44	0.0091435
27.45	0.0091435
27.46	0.0091435
27.47	0.0093301
27.48	0.0098899
27.49	0.010077
27.5	0.010077
27.51	0.010077
27.52	0.010263
27.53	0.010263
27.54	0.010263
27.55	0.01045
27.56	0.01045
27.57	0.010636
27.58	0.010636
27.59	0.010636
27.6	0.010636
27.61	0.010636
27.62	0.010636
27.63	0.010636
27.64	0.010636
27.65	0.010636
27.66	0.010823
27.67	0.01101
27.68	0.01101
27.69	0.01101
27.7	0.011196
27.71	0.011196
27.72	0.011196
27.73	0.011196
27.74	0.011196
27.75	0.011383
27.76	0.011383
27.77	0.011383
27.78	0.011383
27.79	0.011383
27.8	0.011383
27.81	0.011383
27.82	0.011383
27.83	0.011383
27.84	0.011383
27.85	0.011383
27.86	0.011383
27.87	0.011383
27.88	0.011383
27.89	0.011383
27.9	0.011383
27.91	0.011569
27.92	0.012129
27.93	0.012129
27.94	0.012316
27.95	0.012316
27.96	0.012316
27.97	0.012316
27.98	0.012689
27.99	0.012689
28	0.012689
28.01	0.012689
28.02	0.012689
28.03	0.012876
28.04	0.012876
28.05	0.012876
28.06	0.012876
28.07	0.012876
28.08	0.012876
28.09	0.012876
28.1	0.012876
28.11	0.012876
28.12	0.012876
28.13	0.012876
28.14	0.012876
28.15	0.012876
28.16	0.012876
28.17	0.012876
28.18	0.012876
28.19	0.012876
28.2	0.012876
28.21	0.012876
28.22	0.012876
28.23	0.012876
28.24	0.012876
28.25	0.012876
28.26	0.012876
28.27	0.012876
28.28	0.012876
28.29	0.012876
28.3	0.012876
28.31	0.012876
28.32	0.012876
28.33	0.012876
28.34	0.012876
28.35	0.012876
28.36	0.012876
28.37	0.012876
28.38	0.012876
28.39	0.012876
28.4	0.012876
28.41	0.012876
28.42	0.012876
28.43	0.012876
28.44	0.012876
28.45	0.012876
28.46	0.012876
28.47	0.012876
28.48	0.013062
28.49	0.013249
28.5	0.013249
28.51	0.013435
28.52	0.013435
28.53	0.014182
28.54	0.014182
28.55	0.014182
28.56	0.014182
28.57	0.014368
28.58	0.014368
28.59	0.014368
28.6	0.014742
28.61	0.015301
28.62	0.015675
28.63	0.015675
28.64	0.015861
28.65	0.015861
28.66	0.016048
28.67	0.016234
28.68	0.016234
28.69	0.016234
28.7	0.016234
28.71	0.016234
28.72	0.016234
28.73	0.016421
28.74	0.016421
28.75	0.016421
28.76	0.016608
28.77	0.016608
28.78	0.016608
28.79	0.016608
28.8	0.016608
28.81	0.016608
28.82	0.016608
28.83	0.016608
28.84	0.016608
28.85	0.016608
28.86	0.016608
28.87	0.016608
28.88	0.016608
28.89	0.016608
28.9	0.016608
28.91	0.016608
28.92	0.016608
28.93	0.016794
28.94	0.017354
28.95	0.017541
28.96	0.017541
28.97	0.017541
28.98	0.017541
28.99	0.017541
29	0.017541
29.01	0.017541
29.02	0.017727
29.03	0.017727
29.04	0.017727
29.05	0.017914
29.06	0.017914
29.07	0.017914
29.08	0.017914
29.09	0.017914
29.1	0.017914
29.11	0.017914
29.12	0.0181
29.13	0.0181
29.14	0.0181
29.15	0.0181
29.16	0.0181
29.17	0.0181
29.18	0.0181
29.19	0.0181
29.2	0.0181
29.21	0.0181
29.22	0.0181
29.23	0.0181
29.24	0.0181
29.25	0.018474
29.26	0.018474
29.27	0.018474
29.28	0.018474
29.29	0.018474
29.3	0.018474
29.31	0.01866
29.32	0.01866
29.33	0.01866
29.34	0.01866
29.35	0.01866
29.36	0.01866
29.37	0.01866
29.38	0.01866
29.39	0.01866
29.4	0.01866
29.41	0.01866
29.42	0.01922
29.43	0.019593
29.44	0.019593
29.45	0.019593
29.46	0.01978
29.47	0.01978
29.48	0.01978
29.49	0.01978
29.5	0.01978
29.51	0.01978
29.52	0.01978
29.53	0.019966
29.54	0.019966
29.55	0.019966
29.56	0.02034
29.57	0.02034
29.58	0.02034
29.59	0.020526
29.6	0.020526
29.61	0.020713
29.62	0.020713
29.63	0.020713
29.64	0.020713
29.65	0.021086
29.66	0.021273
29.67	0.021459
29.68	0.021832
29.69	0.021832
29.7	0.021832
29.71	0.021832
29.72	0.021832
29.73	0.022019
29.74	0.022019
29.75	0.022019
29.76	0.022019
29.77	0.022019
29.78	0.022019
29.79	0.022206
29.8	0.022206
29.81	0.022206
29.82	0.022206
29.83	0.022206
29.84	0.022206
29.85	0.022206
29.86	0.022392
29.87	0.022392
29.88	0.022392
29.89	0.022392
29.9	0.022579
29.91	0.022579
29.92	0.022765
29.93	0.023325
29.94	0.023512
29.95	0.023512
29.96	0.023512
29.97	0.023512
29.98	0.023512
29.99	0.023512
30	0.023512
30.01	0.023512
30.02	0.024072
30.03	0.024445
30.04	0.024445
30.05	0.024445
30.06	0.024445
30.07	0.024445
30.08	0.024631
30.09	0.024631
30.1	0.024818
30.11	0.024818
30.12	0.024818
30.13	0.025005
30.14	0.025005
30.15	0.025005
30.16	0.025005
30.17	0.025005
30.18	0.025005
30.19	0.025005
30.2	0.025005
30.21	0.025005
30.22	0.025191
30.23	0.025378
30.24	0.025378
30.25	0.025378
30.26	0.025378
30.27	0.025378
30.28	0.025378
30.29	0.025564
30.3	0.025751
30.31	0.025938
30.32	0.025938
30.33	0.026124
30.34	0.026311
30.35	0.026497
30.36	0.026497
30.37	0.026497
30.38	0.026497
30.39	0.026497
30.4	0.026497
30.41	0.026497
30.42	0.026497
30.43	0.026497
30.44	0.026497
30.45	0.026497
30.46	0.026497
30.47	0.026497
30.48	0.026684
30.49	0.026871
30.5	0.026871
30.51	0.026871
30.52	0.026871
30.53	0.026871
30.54	0.026871
30.55	0.026871
30.56	0.026871
30.57	0.027057
30.58	0.027057
30.59	0.027057
30.6	0.027057
30.61	0.027057
30.62	0.027057
30.63	0.027617
30.64	0.027617
30.65	0.027804
30.66	0.027804
30.67	0.027804
30.68	0.028364
30.69	0.028737
30.7	0.028923
30.71	0.028923
30.72	0.028923
30.73	0.028923
30.74	0.02911
30.75	0.02911
30.76	0.02911
30.77	0.02911
30.78	0.02911
30.79	0.029297
30.8	0.029297
30.81	0.02967
30.82	0.029856
30.83	0.029856
30.84	0.03023
30.85	0.03023
30.86	0.03023
30.87	0.030603
30.88	0.030789
30.89	0.030789
30.9	0.030976
30.91	0.030976
30.92	0.031163
30.93	0.031163
30.94	0.031349
30.95	0.031349
30.96	0.031349
30.97	0.031349
30.98	0.031536
30.99	0.031722
31	0.031909
31.01	0.031909
31.02	0.032096
31.03	0.032096
31.04	0.032096
31.05	0.032096
31.06	0.032096
31.07	0.032469
31.08	0.032469
31.09	0.032469
31.1	0.032469
31.11	0.032469
31.12	0.032469
31.13	0.032469
31.14	0.032469
31.15	0.032469
31.16	0.032655
31.17	0.032842
31.18	0.032842
31.19	0.033029
31.2	0.033029
31.21	0.033029
31.22	0.033402
31.23	0.033402
31.24	0.033402
31.25	0.033775
31.26	0.033775
31.27	0.033775
31.28	0.033775
31.29	0.033775
31.3	0.033775
31.31	0.033775
31.32	0.033775
31.33	0.033775
31.34	0.033775
31.35	0.033775
31.36	0.033962
31.37	0.033962
31.38	0.034335
31.39	0.034521
31.4	0.034708
31.41	0.034708
31.42	0.034895
31.43	0.034895
31.44	0.034895
31.45	0.034895
31.46	0.034895
31.47	0.035081
31.48	0.035081
31.49	0.035268
31.5	0.035268
31.51	0.035454
31.52	0.035454
31.53	0.035454
31.54	0.035454
31.55	0.035454
31.56	0.035641
31.57	0.035828
31.58	0.036014
31.59	0.036014
31.6	0.036387
31.61	0.036574
31.62	0.036574
31.63	0.037134
31.64	0.037134
31.65	0.037134
31.66	0.037134
31.67	0.03732
31.68	0.037694
31.69	0.037694
31.7	0.038067
31.71	0.038067
31.72	0.038067
31.73	0.038067
31.74	0.038253
31.75	0.038253
31.76	0.038253
31.77	0.03844
31.78	0.038813
31.79	0.039
31.8	0.039
31.81	0.039
31.82	0.039
31.83	0.039
31.84	0.039186
31.85	0.039186
31.86	0.039186
31.87	0.039186
31.88	0.03956
31.89	0.03956
31.9	0.03956
31.91	0.039746
31.92	0.039746
31.93	0.040119
31.94	0.040119
31.95	0.040119
31.96	0.040119
31.97	0.040119
31.98	0.040119
31.99	0.040119
32	0.040306
32.01	0.040306
32.02	0.040493
32.03	0.040493
32.04	0.040866
32.05	0.040866
32.06	0.040866
32.07	0.041052
32.08	0.041052
32.09	0.041239
32.1	0.041239
32.11	0.041612
32.12	0.042172
32.13	0.042172
32.14	0.042172
32.15	0.042172
32.16	0.042359
32.17	0.042359
32.18	0.042732
32.19	0.042732
32.2	0.042732
32.21	0.042918
32.22	0.042918
32.23	0.043105
32.24	0.043105
32.25	0.043105
32.26	0.043105
32.27	0.043292
32.28	0.043292
32.29	0.043292
32.3	0.043478
32.31	0.043665
32.32	0.043665
32.33	0.043665
32.34	0.043665
32.35	0.043665
32.36	0.043665
32.37	0.043851
32.38	0.043851
32.39	0.044038
32.4	0.044225
32.41	0.044411
32.42	0.044411
32.43	0.044411
32.44	0.044411
32.45	0.044411
32.46	0.044971
32.47	0.045158
32.48	0.045344
32.49	0.045344
32.5	0.045344
32.51	0.045344
32.52	0.045531
32.53	0.045904
32.54	0.045904
32.55	0.045904
32.56	0.045904
32.57	0.046091
32.58	0.046091
32.59	0.046277
32.6	0.046277
32.61	0.046464
32.62	0.04665
32.63	0.04721
32.64	0.047397
32.65	0.047584
32.66	0.047957
32.67	0.047957
32.68	0.047957
32.69	0.04833
32.7	0.04833
32.71	0.04833
32.72	0.04833
32.73	0.048517
32.74	0.048517
32.75	0.048517
32.76	0.048517
32.77	0.048517
32.78	0.048703
32.79	0.04889
32.8	0.04889
32.81	0.04889
32.82	0.049263
32.83	0.04945
32.84	0.049636
32.85	0.050196
32.86	0.050196
32.87	0.050569
32.88	0.050569
32.89	0.050756
32.9	0.050756
32.91	0.050756
32.92	0.050756
32.93	0.050942
32.94	0.051129
32.95	0.051316
32.96	0.051316
32.97	0.051502
32.98	0.051502
32.99	0.051502
33	0.051875
33.01	0.051875
33.02	0.051875
33.03	0.051875
33.04	0.051875
33.05	0.051875
33.06	0.051875
33.07	0.051875
33.08	0.051875
33.09	0.051875
33.1	0.052062
33.11	0.052062
33.12	0.052062
33.13	0.052062
33.14	0.052062
33.15	0.052062
33.16	0.052062
33.17	0.052249
33.18	0.052622
33.19	0.052622
33.2	0.052622
33.21	0.052622
33.22	0.052622
33.23	0.052808
33.24	0.052995
33.25	0.053182
33.26	0.053182
33.27	0.053368
33.28	0.053368
33.29	0.053555
33.3	0.053928
33.31	0.054115
33.32	0.054488
33.33	0.054488
33.34	0.054674
33.35	0.054674
33.36	0.055048
33.37	0.055048
33.38	0.055234
33.39	0.055234
33.4	0.055607
33.41	0.055794
33.42	0.056167
33.43	0.056167
33.44	0.056354
33.45	0.056354
33.46	0.05654
33.47	0.056727
33.48	0.056727
33.49	0.056727
33.5	0.056914
33.51	0.057287
33.52	0.057473
33.53	0.057473
33.54	0.057847
33.55	0.058033
33.56	0.058033
33.57	0.058033
33.58	0.05822
33.59	0.05822
33.6	0.058406
33.61	0.058406
33.62	0.058406
33.63	0.058406
33.64	0.058406
33.65	0.059153
33.66	0.059526
33.67	0.059526
33.68	0.059899
33.69	0.059899
33.7	0.060086
33.71	0.060086
33.72	0.060272
33.73	0.060459
33.74	0.060832
33.75	0.060832
33.76	0.060832
33.77	0.060832
33.78	0.060832
33.79	0.060832
33.8	0.061019
33.81	0.061019
33.82	0.061205
33.83	0.061392
33.84	0.061392
33.85	0.061392
33.86	0.061765
33.87	0.061765
33.88	0.061765
33.89	0.061765
33.9	0.061765
33.91	0.061952
33.92	0.061952
33.93	0.062138
33.94	0.062325
33.95	0.062512
33.96	0.062512
33.97	0.062698
33.98	0.062885
33.99	0.062885
34	0.063071
34.01	0.063258
34.02	0.063258
34.03	0.063258
34.04	0.063258
34.05	0.063445
34.06	0.063818
34.07	0.064004
34.08	0.064004
34.09	0.064004
34.1	0.064191
34.11	0.064191
34.12	0.064191
34.13	0.064191
34.14	0.064751
34.15	0.064937
34.16	0.064937
34.17	0.064937
34.18	0.064937
34.19	0.065311
34.2	0.065497
34.21	0.065684
34.22	0.065684
34.23	0.065684
34.24	0.06587
34.25	0.066244
34.26	0.066617
34.27	0.06699
34.28	0.06699
34.29	0.067177
34.3	0.067177
34.31	0.067363
34.32	0.06755
34.33	0.06755
34.34	0.06755
34.35	0.067737
34.36	0.067737
34.37	0.067737
34.38	0.067923
34.39	0.067923
34.4	0.068296
34.41	0.068483
34.42	0.068483
34.43	0.068483
34.44	0.068856
34.45	0.069043
34.46	0.069043
34.47	0.069229
34.48	0.069416
34.49	0.069416
34.5	0.069416
34.51	0.069789
34.52	0.069976
34.53	0.069976
34.54	0.069976
34.55	0.069976
34.56	0.069976
34.57	0.070349
34.58	0.070349
34.59	0.070349
34.6	0.070722
34.61	0.070722
34.62	0.070722
34.63	0.070722
34.64	0.071282
34.65	0.071282
34.66	0.071282
34.67	0.071282
34.68	0.071282
34.69	0.071655
34.7	0.071842
34.71	0.072028
34.72	0.072028
34.73	0.072402
34.74	0.072588
34.75	0.072588
34.76	0.072961
34.77	0.073148
34.78	0.073335
34.79	0.073521
34.8	0.073521
34.81	0.073521
34.82	0.073521
34.83	0.073521
34.84	0.073708
34.85	0.073708
34.86	0.074081
34.87	0.074454
34.88	0.074454
34.89	0.074454
34.9	0.074454
34.91	0.074641
34.92	0.074827
34.93	0.075014
34.94	0.075201
34.95	0.075387
34.96	0.075574
34.97	0.07576
34.98	0.07576
34.99	0.076134
35	0.07632
35.01	0.07632
35.02	0.07632
35.03	0.076507
35.04	0.076693
35.05	0.077067
35.06	0.077253
35.07	0.077626
35.08	0.077626
35.09	0.077813
35.1	0.078
35.11	0.078
35.12	0.078559
35.13	0.078559
35.14	0.078746
35.15	0.078746
35.16	0.079306
35.17	0.079306
35.18	0.079306
35.19	0.079492
35.2	0.079492
35.21	0.079492
35.22	0.079492
35.23	0.080425
35.24	0.080612
35.25	0.080985
35.26	0.081358
35.27	0.081358
35.28	0.081358
35.29	0.081358
35.3	0.081358
35.31	0.081545
35.32	0.081545
35.33	0.081545
35.34	0.081545
35.35	0.081545
35.36	0.081545
35.37	0.081545
35.38	0.081545
35.39	0.081918
35.4	0.081918
35.41	0.081918
35.42	0.081918
35.43	0.082291
35.44	0.082478
35.45	0.082665
35.46	0.082665
35.47	0.082851
35.48	0.083038
35.49	0.083038
35.5	0.083224
35.51	0.083411
35.52	0.083411
35.53	0.083411
35.54	0.083784
35.55	0.083784
35.56	0.084157
35.57	0.084157
35.58	0.084157
35.59	0.084157
35.6	0.084157
35.61	0.084157
35.62	0.084157
35.63	0.084344
35.64	0.084344
35.65	0.084344
35.66	0.084344
35.67	0.084531
35.68	0.084717
35.69	0.085091
35.7	0.085277
35.71	0.085277
35.72	0.085277
35.73	0.085837
35.74	0.085837
35.75	0.085837
35.76	0.085837
35.77	0.085837
35.78	0.086024
35.79	0.08621
35.8	0.086583
35.81	0.086583
35.82	0.08677
35.83	0.08733
35.84	0.087516
35.85	0.087516
35.86	0.087516
35.87	0.087516
35.88	0.08789
35.89	0.088076
35.9	0.088636
35.91	0.088636
35.92	0.088636
35.93	0.088823
35.94	0.089009
35.95	0.089009
35.96	0.089009
35.97	0.089196
35.98	0.089382
35.99	0.089756
36	0.090315
36.01	0.090315
36.02	0.090502
36.03	0.090502
36.04	0.090875
36.05	0.091062
36.06	0.091248
36.07	0.091435
36.08	0.091808
36.09	0.091995
36.1	0.092181
36.11	0.092368
36.12	0.092368
36.13	0.092741
36.14	0.092928
36.15	0.093114
36.16	0.093114
36.17	0.093301
36.18	0.093301
36.19	0.093301
36.2	0.093488
36.21	0.093674
36.22	0.093674
36.23	0.093861
36.24	0.094234
36.25	0.094234
36.26	0.094234
36.27	0.094421
36.28	0.094607
36.29	0.094794
36.3	0.094794
36.31	0.095167
36.32	0.095354
36.33	0.095354
36.34	0.09554
36.35	0.09554
36.36	0.095727
36.37	0.095913
36.38	0.095913
36.39	0.0961
36.4	0.0961
36.41	0.0961
36.42	0.096287
36.43	0.096473
36.44	0.096473
36.45	0.096473
36.46	0.096846
36.47	0.096846
36.48	0.097033
36.49	0.09722
36.5	0.097406
36.51	0.097406
36.52	0.097593
36.53	0.097779
36.54	0.097966
36.55	0.097966
36.56	0.097966
36.57	0.098153
36.58	0.098153
36.59	0.098712
36.6	0.098899
36.61	0.098899
36.62	0.099272
36.63	0.099272
36.64	0.099272
36.65	0.099459
36.66	0.099645
36.67	0.10002
36.68	0.10039
36.69	0.10039
36.7	0.10058
36.71	0.10058
36.72	0.10095
36.73	0.10114
36.74	0.10151
36.75	0.10151
36.76	0.1017
36.77	0.1017
36.78	0.10188
36.79	0.10207
36.8	0.10207
36.81	0.10226
36.82	0.10226
36.83	0.10244
36.84	0.10244
36.85	0.10244
36.86	0.10263
36.87	0.10263
36.88	0.10282
36.89	0.103
36.9	0.10356
36.91	0.10394
36.92	0.10394
36.93	0.10412
36.94	0.10412
36.95	0.10412
36.96	0.10431
36.97	0.1045
36.98	0.10468
36.99	0.10506
37	0.10506
37.01	0.10506
37.02	0.10524
37.03	0.10524
37.04	0.10524
37.05	0.10562
37.06	0.1058
37.07	0.1058
37.08	0.1058
37.09	0.10618
37.1	0.10618
37.11	0.10655
37.12	0.10655
37.13	0.10655
37.14	0.10655
37.15	0.10674
37.16	0.10692
37.17	0.10748
37.18	0.10767
37.19	0.10767
37.2	0.10767
37.21	0.10804
37.22	0.10804
37.23	0.10804
37.24	0.10823
37.25	0.10823
37.26	0.1086
37.27	0.10879
37.28	0.10879
37.29	0.10879
37.3	0.10916
37.31	0.10954
37.32	0.10954
37.33	0.10954
37.34	0.10991
37.35	0.1101
37.36	0.1101
37.37	0.11047
37.38	0.11047
37.39	0.11047
37.4	0.11047
37.41	0.11047
37.42	0.11047
37.43	0.11065
37.44	0.11084
37.45	0.11159
37.46	0.11159
37.47	0.11177
37.48	0.11196
37.49	0.11196
37.5	0.11196
37.51	0.11233
37.52	0.11233
37.53	0.11233
37.54	0.11233
37.55	0.11233
37.56	0.11289
37.57	0.11289
37.58	0.11289
37.59	0.11308
37.6	0.11308
37.61	0.11327
37.62	0.11345
37.63	0.11364
37.64	0.11383
37.65	0.1142
37.66	0.1142
37.67	0.11439
37.68	0.11457
37.69	0.11457
37.7	0.11457
37.71	0.11476
37.72	0.11495
37.73	0.11513
37.74	0.11551
37.75	0.11588
37.76	0.11588
37.77	0.11607
37.78	0.11625
37.79	0.11644
37.8	0.11644
37.81	0.11663
37.82	0.11663
37.83	0.11681
37.84	0.117
37.85	0.117
37.86	0.11719
37.87	0.11719
37.88	0.11719
37.89	0.11719
37.9	0.11719
37.91	0.11737
37.92	0.11737
37.93	0.11737
37.94	0.11756
37.95	0.11775
37.96	0.11812
37.97	0.11812
37.98	0.11812
37.99	0.11831
38	0.11849
38.01	0.11887
38.02	0.11924
38.03	0.11924
38.04	0.11943
38.05	0.11961
38.06	0.12017
38.07	0.12036
38.08	0.12036
38.09	0.12054
38.1	0.12092
38.11	0.12092
38.12	0.12129
38.13	0.12166
38.14	0.12185
38.15	0.12222
38.16	0.12222
38.17	0.12241
38.18	0.12241
38.19	0.1226
38.2	0.1226
38.21	0.1226
38.22	0.12297
38.23	0.12316
38.24	0.12316
38.25	0.12316
38.26	0.1239
38.27	0.12428
38.28	0.12446
38.29	0.12465
38.3	0.12465
38.31	0.12484
38.32	0.12484
38.33	0.12484
38.34	0.12502
38.35	0.1254
38.36	0.1254
38.37	0.1254
38.38	0.12558
38.39	0.12558
38.4	0.12596
38.41	0.12614
38.42	0.12633
38.43	0.12652
38.44	0.12689
38.45	0.12708
38.46	0.12708
38.47	0.12708
38.48	0.12745
38.49	0.12745
38.5	0.12782
38.51	0.12801
38.52	0.12801
38.53	0.1282
38.54	0.12838
38.55	0.12876
38.56	0.12894
38.57	0.12894
38.58	0.12932
38.59	0.1295
38.6	0.1295
38.61	0.1295
38.62	0.1295
38.63	0.1295
38.64	0.12969
38.65	0.12969
38.66	0.12987
38.67	0.13025
38.68	0.13043
38.69	0.13062
38.7	0.13081
38.71	0.13081
38.72	0.13081
38.73	0.13081
38.74	0.13081
38.75	0.13118
38.76	0.13118
38.77	0.13118
38.78	0.13118
38.79	0.13137
38.8	0.13137
38.81	0.13137
38.82	0.13137
38.83	0.13137
38.84	0.13174
38.85	0.13174
38.86	0.13174
38.87	0.13211
38.88	0.13249
38.89	0.13249
38.9	0.13267
38.91	0.13286
38.92	0.13286
38.93	0.13286
38.94	0.13342
38.95	0.13342
38.96	0.13361
38.97	0.13361
38.98	0.13361
38.99	0.13361
39	0.13379
39.01	0.13398
39.02	0.13417
39.03	0.13435
39.04	0.13435
39.05	0.13435
39.06	0.13454
39.07	0.13491
39.08	0.13491
39.09	0.13547
39.1	0.13547
39.11	0.13566
39.12	0.13603
39.13	0.13659
39.14	0.13659
39.15	0.13697
39.16	0.13715
39.17	0.13734
39.18	0.13771
39.19	0.1379
39.2	0.13809
39.21	0.13865
39.22	0.13865
39.23	0.13883
39.24	0.13902
39.25	0.13902
39.26	0.13921
39.27	0.13921
39.28	0.13939
39.29	0.13939
39.3	0.13958
39.31	0.13976
39.32	0.13976
39.33	0.14014
39.34	0.14051
39.35	0.1407
39.36	0.1407
39.37	0.14107
39.38	0.14144
39.39	0.14163
39.4	0.14163
39.41	0.14182
39.42	0.14182
39.43	0.14182
39.44	0.142
39.45	0.14238
39.46	0.14238
39.47	0.14238
39.48	0.14256
39.49	0.14256
39.5	0.14294
39.51	0.14294
39.52	0.14294
39.53	0.14294
39.54	0.14294
39.55	0.14312
39.56	0.14312
39.57	0.14312
39.58	0.1435
39.59	0.1435
39.6	0.1435
39.61	0.14368
39.62	0.14387
39.63	0.14387
39.64	0.14387
39.65	0.14387
39.66	0.14424
39.67	0.14424
39.68	0.14443
39.69	0.14462
39.7	0.14462
39.71	0.14462
39.72	0.1448
39.73	0.14499
39.74	0.14518
39.75	0.14574
39.76	0.14574
39.77	0.14574
39.78	0.14574
39.79	0.14592
39.8	0.14592
39.81	0.14648
39.82	0.14667
39.83	0.14686
39.84	0.14704
39.85	0.14704
39.86	0.14723
39.87	0.14742
39.88	0.1476
39.89	0.1476
39.9	0.14779
39.91	0.14816
39.92	0.14835
39.93	0.14891
39.94	0.14891
39.95	0.14891
39.96	0.14909
39.97	0.14928
39.98	0.14928
39.99	0.14928
40	0.14947
40.01	0.14947
40.02	0.14947
40.03	0.14947
40.04	0.14947
40.05	0.14984
40.06	0.15003
40.07	0.15003
40.08	0.1504
40.09	0.15059
40.1	0.15059
40.11	0.15059
40.12	0.15077
40.13	0.15115
40.14	0.15133
40.15	0.15133
40.16	0.15152
40.17	0.15171
40.18	0.15171
40.19	0.15171
40.2	0.15171
40.21	0.15171
40.22	0.15208
40.23	0.15245
40.24	0.15283
40.25	0.15283
40.26	0.1532
40.27	0.15339
40.28	0.15357
40.29	0.15357
40.3	0.15376
40.31	0.15395
40.32	0.15432
40.33	0.15451
40.34	0.15488
40.35	0.15488
40.36	0.15488
40.37	0.15507
40.38	0.15525
40.39	0.15525
40.4	0.15525
40.41	0.15525
40.42	0.15525
40.43	0.15525
40.44	0.15544
40.45	0.15544
40.46	0.15563
40.47	0.15563
40.48	0.15563
40.49	0.15563
40.5	0.15581
40.51	0.15581
40.52	0.15637
40.53	0.15637
40.54	0.15656
40.55	0.15656
40.56	0.15675
40.57	0.15675
40.58	0.15693
40.59	0.15693
40.6	0.15749
40.61	0.15749
40.62	0.15749
40.63	0.15787
40.64	0.15787
40.65	0.15805
40.66	0.15805
40.67	0.15861
40.68	0.1588
40.69	0.1588
40.7	0.15917
40.71	0.15917
40.72	0.15936
40.73	0.15973
40.74	0.15973
40.75	0.15973
40.76	0.15992
40.77	0.16029
40.78	0.16029
40.79	0.16048
40.8	0.16066
40.81	0.16122
40.82	0.16122
40.83	0.16122
40.84	0.16122
40.85	0.1616
40.86	0.16197
40.87	0.16197
40.88	0.16216
40.89	0.16216
40.9	0.16234
40.91	0.16234
40.92	0.16253
40.93	0.16272
40.94	0.1629
40.95	0.1629
40.96	0.1629
40.97	0.16365
40.98	0.16384
40.99	0.16384
41	0.16402
41.01	0.16477
41.02	0.16477
41.03	0.16477
41.04	0.16496
41.05	0.16496
41.06	0.16496
41.07	0.16514
41.08	0.16533
41.09	0.16552
41.1	0.16552
41.11	0.16552
41.12	0.16552
41.13	0.1657
41.14	0.1657
41.15	0.1657
41.16	0.1657
41.17	0.1657
41.18	0.16608
41.19	0.16626
41.2	0.16626
41.21	0.16626
41.22	0.16626
41.23	0.16626
41.24	0.16626
41.25	0.16664
41.26	0.16682
41.27	0.16682
41.28	0.16701
41.29	0.16738
41.3	0.16776
41.31	0.16776
41.32	0.16794
41.33	0.16794
41.34	0.16794
41.35	0.1685
41.36	0.16887
41.37	0.16887
41.38	0.16906
41.39	0.16906
41.4	0.16999
41.41	0.17018
41.42	0.17037
41.43	0.17055
41.44	0.17055
41.45	0.17093
41.46	0.17093
41.47	0.17111
41.48	0.17111
41.49	0.17149
41.5	0.17186
41.51	0.17186
41.52	0.17186
41.53	0.17223
41.54	0.17261
41.55	0.17279
41.56	0.17279
41.57	0.17279
41.58	0.17279
41.59	0.17279
41.6	0.17279
41.61	0.17279
41.62	0.17298
41.63	0.17317
41.64	0.17317
41.65	0.17335
41.66	0.17373
41.67	0.17373
41.68	0.17391
41.69	0.1741
41.7	0.1741
41.71	0.1741
41.72	0.17429
41.73	0.17429
41.74	0.17429
41.75	0.17447
41.76	0.17466
41.77	0.17485
41.78	0.17485
41.79	0.17541
41.8	0.17541
41.81	0.17559
41.82	0.17559
41.83	0.17559
41.84	0.17578
41.85	0.17578
41.86	0.17578
41.87	0.17578
41.88	0.17597
41.89	0.17615
41.9	0.17634
41.91	0.1769
41.92	0.17709
41.93	0.17709
41.94	0.17709
41.95	0.17727
41.96	0.17727
41.97	0.17727
41.98	0.17746
41.99	0.17802
42	0.17802
42.01	0.17802
42.02	0.17802
42.03	0.1782
42.04	0.1782
42.05	0.17839
42.06	0.17895
42.07	0.17895
42.08	0.17895
42.09	0.17932
42.1	0.17951
42.11	0.17951
42.12	0.1797
42.13	0.18007
42.14	0.18044
42.15	0.18044
42.16	0.18063
42.17	0.18063
42.18	0.18063
42.19	0.18063
42.2	0.181
42.21	0.18119
42.22	0.18138
42.23	0.18138
42.24	0.18156
42.25	0.18175
42.26	0.18194
42.27	0.18231
42.28	0.1825
42.29	0.18268
42.3	0.18268
42.31	0.18287
42.32	0.18324
42.33	0.18343
42.34	0.18343
42.35	0.1838
42.36	0.1838
42.37	0.1838
42.38	0.1838
42.39	0.18418
42.4	0.18455
42.41	0.18474
42.42	0.1853
42.43	0.1853
42.44	0.18548
42.45	0.18548
42.46	0.18567
42.47	0.18567
42.48	0.18567
42.49	0.18586
42.5	0.18586
42.51	0.18586
42.52	0.18604
42.53	0.18604
42.54	0.18623
42.55	0.18623
42.56	0.18623
42.57	0.18623
42.58	0.1866
42.59	0.18679
42.6	0.18716
42.61	0.18735
42.62	0.18735
42.63	0.18735
42.64	0.18735
42.65	0.18735
42.66	0.18735
42.67	0.18735
42.68	0.18772
42.69	0.18809
42.7	0.18809
42.71	0.18828
42.72	0.18865
42.73	0.18884
42.74	0.18903
42.75	0.18921
42.76	0.1894
42.77	0.1894
42.78	0.1894
42.79	0.1894
42.8	0.18996
42.81	0.18996
42.82	0.18996
42.83	0.18996
42.84	0.18996
42.85	0.19033
42.86	0.19033
42.87	0.19033
42.88	0.19033
42.89	0.19052
42.9	0.19071
42.91	0.19089
42.92	0.19108
42.93	0.19127
42.94	0.19127
42.95	0.19145
42.96	0.19145
42.97	0.19145
42.98	0.19145
42.99	0.19145
43	0.19239
43.01	0.19257
43.02	0.19276
43.03	0.19276
43.04	0.19332
43.05	0.19332
43.06	0.19351
43.07	0.19407
43.08	0.19407
43.09	0.19425
43.1	0.19425
43.11	0.19444
43.12	0.19463
43.13	0.19463
43.14	0.19463
43.15	0.19481
43.16	0.195
43.17	0.19519
43.18	0.19537
43.19	0.19556
43.2	0.19575
43.21	0.19575
43.22	0.19575
43.23	0.19593
43.24	0.19593
43.25	0.19593
43.26	0.19612
43.27	0.19612
43.28	0.19612
43.29	0.19631
43.3	0.19649
43.31	0.19668
43.32	0.19668
43.33	0.19668
43.34	0.19668
43.35	0.19668
43.36	0.19668
43.37	0.19687
43.38	0.19724
43.39	0.19742
43.4	0.19761
43.41	0.19761
43.42	0.19798
43.43	0.19817
43.44	0.19817
43.45	0.19817
43.46	0.19817
43.47	0.19817
43.48	0.19817
43.49	0.19836
43.5	0.19854
43.51	0.19873
43.52	0.19873
43.53	0.19873
43.54	0.19892
43.55	0.19892
43.56	0.1991
43.57	0.1991
43.58	0.1991
43.59	0.1991
43.6	0.1991
43.61	0.1991
43.62	0.1991
43.63	0.1991
43.64	0.1991
43.65	0.19948
43.66	0.19948
43.67	0.19966
43.68	0.19966
43.69	0.20004
43.7	0.20022
43.71	0.20022
43.72	0.2006
43.73	0.2006
43.74	0.20097
43.75	0.20097
43.76	0.20116
43.77	0.20134
43.78	0.20153
43.79	0.20153
43.8	0.20153
43.81	0.20172
43.82	0.20209
43.83	0.20209
43.84	0.20209
43.85	0.20209
43.86	0.20228
43.87	0.20228
43.88	0.20246
43.89	0.20246
43.9	0.20284
43.91	0.20302
43.92	0.20302
43.93	0.20302
43.94	0.20302
43.95	0.20358
43.96	0.20396
43.97	0.20396
43.98	0.20414
43.99	0.20414
44	0.20414
44.01	0.20433
44.02	0.20433
44.03	0.20489
44.04	0.20545
44.05	0.20545
44.06	0.20545
44.07	0.20582
44.08	0.20601
44.09	0.2062
44.1	0.20638
44.11	0.20694
44.12	0.20713
44.13	0.20731
44.14	0.20731
44.15	0.20731
44.16	0.20731
44.17	0.20731
44.18	0.2075
44.19	0.2075
44.2	0.2075
44.21	0.20825
44.22	0.20825
44.23	0.20825
44.24	0.20843
44.25	0.20843
44.26	0.20862
44.27	0.20862
44.28	0.20862
44.29	0.20862
44.3	0.20862
44.31	0.20862
44.32	0.20881
44.33	0.20881
44.34	0.20899
44.35	0.20918
44.36	0.20974
44.37	0.20993
44.38	0.21011
44.39	0.21011
44.4	0.21011
44.41	0.21011
44.42	0.21011
44.43	0.21011
44.44	0.21049
44.45	0.21067
44.46	0.21105
44.47	0.21105
44.48	0.21105
44.49	0.21123
44.5	0.21123
44.51	0.21123
44.52	0.21142
44.53	0.21161
44.54	0.21217
44.55	0.21217
44.56	0.21217
44.57	0.21291
44.58	0.21291
44.59	0.21291
44.6	0.2131
44.61	0.2131
44.62	0.2131
44.63	0.21329
44.64	0.21366
44.65	0.21385
44.66	0.21385
44.67	0.21385
44.68	0.21385
44.69	0.21403
44.7	0.21422
44.71	0.21422
44.72	0.21459
44.73	0.21478
44.74	0.21497
44.75	0.21515
44.76	0.21534
44.77	0.21534
44.78	0.21534
44.79	0.21534
44.8	0.21553
44.81	0.21571
44.82	0.21571
44.83	0.21571
44.84	0.2159
44.85	0.21609
44.86	0.21609
44.87	0.21609
44.88	0.21646
44.89	0.21683
44.9	0.21683
44.91	0.21702
44.92	0.21702
44.93	0.21702
44.94	0.2172
44.95	0.2172
44.96	0.21739
44.97	0.21739
44.98	0.21739
44.99	0.21758
45	0.21758
45.01	0.21795
45.02	0.21814
45.03	0.21832
45.04	0.21851
45.05	0.21851
45.06	0.21888
45.07	0.21888
45.08	0.21888
45.09	0.21926
45.1	0.21944
45.11	0.21944
45.12	0.21982
45.13	0.21982
45.14	0.21982
45.15	0.22
45.16	0.22019
45.17	0.22038
45.18	0.22038
45.19	0.22056
45.2	0.22056
45.21	0.22075
45.22	0.22075
45.23	0.22075
45.24	0.22075
45.25	0.22075
45.26	0.22075
45.27	0.22075
45.28	0.22075
45.29	0.22094
45.3	0.22094
45.31	0.22112
45.32	0.22112
45.33	0.22112
45.34	0.22131
45.35	0.22131
45.36	0.2215
45.37	0.22168
45.38	0.22187
45.39	0.22187
45.4	0.22187
45.41	0.22243
45.42	0.22243
45.43	0.2228
45.44	0.2228
45.45	0.2228
45.46	0.22299
45.47	0.22318
45.48	0.22336
45.49	0.22336
45.5	0.22355
45.51	0.22392
45.52	0.22392
45.53	0.2243
45.54	0.22448
45.55	0.22448
45.56	0.22448
45.57	0.22467
45.58	0.22486
45.59	0.22504
45.6	0.22542
45.61	0.22542
45.62	0.22542
45.63	0.22542
45.64	0.2256
45.65	0.2256
45.66	0.2256
45.67	0.2256
45.68	0.2256
45.69	0.2256
45.7	0.2256
45.71	0.22579
45.72	0.22597
45.73	0.22597
45.74	0.22597
45.75	0.22635
45.76	0.22635
45.77	0.22653
45.78	0.22653
45.79	0.22691
45.8	0.22691
45.81	0.22728
45.82	0.22728
45.83	0.22765
45.84	0.22803
45.85	0.22821
45.86	0.22821
45.87	0.2284
45.88	0.22877
45.89	0.22877
45.9	0.22877
45.91	0.22915
45.92	0.22915
45.93	0.22915
45.94	0.22915
45.95	0.22933
45.96	0.22971
45.97	0.22989
45.98	0.22989
45.99	0.22989
46	0.22989
46.01	0.22989
46.02	0.23008
46.03	0.23008
46.04	0.23008
46.05	0.23008
46.06	0.23008
46.07	0.23008
46.08	0.23045
46.09	0.23064
46.1	0.23064
46.11	0.23101
46.12	0.23101
46.13	0.23101
46.14	0.23101
46.15	0.2312
46.16	0.23139
46.17	0.23157
46.18	0.23176
46.19	0.23176
46.2	0.23195
46.21	0.23213
46.22	0.23232
46.23	0.23251
46.24	0.23269
46.25	0.23288
46.26	0.23307
46.27	0.23307
46.28	0.23325
46.29	0.23325
46.3	0.23325
46.31	0.23325
46.32	0.23381
46.33	0.23381
46.34	0.23419
46.35	0.23456
46.36	0.23456
46.37	0.23456
46.38	0.23456
46.39	0.23456
46.4	0.23456
46.41	0.23493
46.42	0.23493
46.43	0.23493
46.44	0.23493
46.45	0.23493
46.46	0.23493
46.47	0.23493
46.48	0.23586
46.49	0.23605
46.5	0.23624
46.51	0.23624
46.52	0.23642
46.53	0.23661
46.54	0.23698
46.55	0.23698
46.56	0.23717
46.57	0.23717
46.58	0.23736
46.59	0.23736
46.6	0.23736
46.61	0.23736
46.62	0.23736
46.63	0.23736
46.64	0.23736
46.65	0.23736
46.66	0.23754
46.67	0.23754
46.68	0.23773
46.69	0.23792
46.7	0.23792
46.71	0.23792
46.72	0.2381
46.73	0.2381
46.74	0.2381
46.75	0.2381
46.76	0.2381
46.77	0.23848
46.78	0.23848
46.79	0.23866
46.8	0.23885
46.81	0.23922
46.82	0.23978
46.83	0.23978
46.84	0.23978
46.85	0.24016
46.86	0.24034
46.87	0.24053
46.88	0.24072
46.89	0.24072
46.9	0.24072
46.91	0.2409
46.92	0.24128
46.93	0.24146
46.94	0.24146
46.95	0.24184
46.96	0.24202
46.97	0.24202
46.98	0.24202
46.99	0.24221
47	0.24221
47.01	0.24221
47.02	0.2424
47.03	0.24258
47.04	0.24277
47.05	0.24277
47.06	0.24296
47.07	0.24333
47.08	0.24333
47.09	0.24333
47.1	0.2437
47.11	0.2437
47.12	0.2437
47.13	0.24408
47.14	0.24408
47.15	0.24426
47.16	0.24426
47.17	0.24445
47.18	0.24464
47.19	0.24482
47.2	0.24482
47.21	0.24501
47.22	0.24501
47.23	0.24501
47.24	0.24501
47.25	0.24501
47.26	0.24519
47.27	0.24557
47.28	0.24557
47.29	0.24557
47.3	0.24594
47.31	0.24594
47.32	0.24594
47.33	0.24594
47.34	0.24594
47.35	0.24613
47.36	0.24613
47.37	0.24613
47.38	0.24613
47.39	0.24613
47.4	0.24613
47.41	0.24613
47.42	0.24613
47.43	0.24613
47.44	0.2465
47.45	0.24687
47.46	0.24706
47.47	0.24706
47.48	0.24706
47.49	0.24706
47.5	0.24725
47.51	0.24725
47.52	0.24725
47.53	0.24743
47.54	0.24781
47.55	0.24781
47.56	0.24781
47.57	0.24781
47.58	0.24781
47.59	0.24781
47.6	0.24799
47.61	0.24818
47.62	0.24855
47.63	0.24874
47.64	0.24874
47.65	0.24893
47.66	0.24893
47.67	0.24949
47.68	0.24949
47.69	0.24986
47.7	0.25005
47.71	0.25005
47.72	0.25042
47.73	0.25061
47.74	0.25079
47.75	0.25098
47.76	0.25098
47.77	0.25117
47.78	0.25117
47.79	0.25135
47.8	0.25135
47.81	0.25154
47.82	0.25154
47.83	0.25154
47.84	0.25191
47.85	0.25191
47.86	0.2521
47.87	0.25247
47.88	0.25285
47.89	0.25303
47.9	0.25303
47.91	0.25303
47.92	0.25303
47.93	0.25303
47.94	0.25359
47.95	0.25359
47.96	0.25359
47.97	0.25359
47.98	0.25359
47.99	0.25359
48	0.25359
48.01	0.25378
48.02	0.25378
48.03	0.25378
48.04	0.25397
48.05	0.25397
48.06	0.25415
48.07	0.25434
48.08	0.25471
48.09	0.2549
48.1	0.2549
48.11	0.2549
48.12	0.25508
48.13	0.25527
48.14	0.25546
48.15	0.25546
48.16	0.25546
48.17	0.25546
48.18	0.25546
48.19	0.25546
48.2	0.25546
48.21	0.25546
48.22	0.25583
48.23	0.25602
48.24	0.25602
48.25	0.2562
48.26	0.25639
48.27	0.25658
48.28	0.25658
48.29	0.25658
48.3	0.25676
48.31	0.25695
48.32	0.25695
48.33	0.25714
48.34	0.25714
48.35	0.25732
48.36	0.25751
48.37	0.25751
48.38	0.25751
48.39	0.25751
48.4	0.2577
48.41	0.2577
48.42	0.25788
48.43	0.25788
48.44	0.25788
48.45	0.25807
48.46	0.25807
48.47	0.25807
48.48	0.25807
48.49	0.25844
48.5	0.25844
48.51	0.25863
48.52	0.25863
48.53	0.25919
48.54	0.25919
48.55	0.25919
48.56	0.25919
48.57	0.25938
48.58	0.25938
48.59	0.25956
48.6	0.25956
48.61	0.25975
48.62	0.25975
48.63	0.25994
48.64	0.26012
48.65	0.26012
48.66	0.2605
48.67	0.2605
48.68	0.26087
48.69	0.26087
48.7	0.26087
48.71	0.26106
48.72	0.26106
48.73	0.26106
48.74	0.26124
48.75	0.26143
48.76	0.26162
48.77	0.2618
48.78	0.2618
48.79	0.2618
48.8	0.2618
48.81	0.2618
48.82	0.26199
48.83	0.26218
48.84	0.26218
48.85	0.26218
48.86	0.26218
48.87	0.26236
48.88	0.26236
48.89	0.26236
48.9	0.26236
48.91	0.26236
48.92	0.26236
48.93	0.26236
48.94	0.26236
48.95	0.26255
48.96	0.26255
48.97	0.26255
48.98	0.26255
48.99	0.26292
49	0.26292
49.01	0.26311
49.02	0.26311
49.03	0.2633
49.04	0.2633
49.05	0.2633
49.06	0.2633
49.07	0.26367
49.08	0.26367
49.09	0.26367
49.1	0.26367
49.11	0.26386
49.12	0.26386
49.13	0.26386
49.14	0.26423
49.15	0.26423
49.16	0.26423
49.17	0.2646
49.18	0.26479
49.19	0.26479
49.2	0.26497
49.21	0.26553
49.22	0.26553
49.23	0.26572
49.24	0.26572
49.25	0.26591
49.26	0.26609
49.27	0.26609
49.28	0.26609
49.29	0.26609
49.3	0.26628
49.31	0.26628
49.32	0.26647
49.33	0.26665
49.34	0.26684
49.35	0.26684
49.36	0.26684
49.37	0.26684
49.38	0.26703
49.39	0.26703
49.4	0.26703
49.41	0.26721
49.42	0.2674
49.43	0.26759
49.44	0.26796
49.45	0.26796
49.46	0.26815
49.47	0.26815
49.48	0.26833
49.49	0.26833
49.5	0.26871
49.51	0.26871
49.52	0.26871
49.53	0.26871
49.54	0.26871
49.55	0.26908
49.56	0.26908
49.57	0.26927
49.58	0.26927
49.59	0.26927
49.6	0.26927
49.61	0.26927
49.62	0.26927
49.63	0.26945
49.64	0.26945
49.65	0.26945
49.66	0.26945
49.67	0.26964
49.68	0.26983
49.69	0.27001
49.7	0.27001
49.71	0.27001
49.72	0.27001
49.73	0.27001
49.74	0.2702
49.75	0.2702
49.76	0.27057
49.77	0.27076
49.78	0.27076
49.79	0.27076
49.8	0.27076
49.81	0.27095
49.82	0.27095
49.83	0.27095
49.84	0.27113
49.85	0.27113
49.86	0.27151
49.87	0.27169
49.88	0.27188
49.89	0.27188
49.9	0.27188
49.91	0.27188
49.92	0.27207
49.93	0.27225
49.94	0.27225
49.95	0.27225
49.96	0.27244
49.97	0.273
49.98	0.273
49.99	0.27319
50	0.27319
50.01	0.27337
50.02	0.27337
50.03	0.27337
50.04	0.27375
50.05	0.27393
50.06	0.2743
50.07	0.2743
50.08	0.27449
50.09	0.27468
50.1	0.27486
50.11	0.27486
50.12	0.27486
50.13	0.27486
50.14	0.27486
50.15	0.27505
50.16	0.27505
50.17	0.27505
50.18	0.27505
50.19	0.27505
50.2	0.27542
50.21	0.27542
50.22	0.27542
50.23	0.27561
50.24	0.27561
50.25	0.2758
50.26	0.27598
50.27	0.27598
50.28	0.27617
50.29	0.27654
50.3	0.27673
50.31	0.27673
50.32	0.27692
50.33	0.27692
50.34	0.27692
50.35	0.27692
50.36	0.27692
50.37	0.27692
50.38	0.27692
50.39	0.27692
50.4	0.27692
50.41	0.27692
50.42	0.27692
50.43	0.2771
50.44	0.27729
50.45	0.27766
50.46	0.27766
50.47	0.27766
50.48	0.27804
50.49	0.27804
50.5	0.27804
50.51	0.27804
50.52	0.27841
50.53	0.27841
50.54	0.27841
50.55	0.27841
50.56	0.2786
50.57	0.2786
50.58	0.2786
50.59	0.27878
50.6	0.27878
50.61	0.27897
50.62	0.27897
50.63	0.27916
50.64	0.27916
50.65	0.27916
50.66	0.27916
50.67	0.27916
50.68	0.27934
50.69	0.27934
50.7	0.2799
50.71	0.2799
50.72	0.28009
50.73	0.28046
50.74	0.28065
50.75	0.28065
50.76	0.28065
50.77	0.28084
50.78	0.28084
50.79	0.28084
50.8	0.28102
50.81	0.28158
50.82	0.28177
50.83	0.28177
50.84	0.28177
50.85	0.28214
50.86	0.28214
50.87	0.28214
50.88	0.28214
50.89	0.28214
50.9	0.28214
50.91	0.28233
50.92	0.28233
50.93	0.28233
50.94	0.28252
50.95	0.28252
50.96	0.28252
50.97	0.28252
50.98	0.28308
50.99	0.28326
51	0.28326
51.01	0.28345
51.02	0.28345
51.03	0.28382
51.04	0.28382
51.05	0.28382
51.06	0.28401
51.07	0.28419
51.08	0.28419
51.09	0.28419
51.1	0.28419
51.11	0.28438
51.12	0.28457
51.13	0.28457
51.14	0.28475
51.15	0.28475
51.16	0.28475
51.17	0.28475
51.18	0.28475
51.19	0.28475
51.2	0.28475
51.21	0.28494
51.22	0.28513
51.23	0.28513
51.24	0.28531
51.25	0.28531
51.26	0.28531
51.27	0.28531
51.28	0.28587
51.29	0.28606
51.3	0.28643
51.31	0.28643
51.32	0.28643
51.33	0.28643
51.34	0.28643
51.35	0.28643
51.36	0.28643
51.37	0.28662
51.38	0.28681
51.39	0.28681
51.4	0.28681
51.41	0.28699
51.42	0.28699
51.43	0.28718
51.44	0.28718
51.45	0.28737
51.46	0.28755
51.47	0.28755
51.48	0.28774
51.49	0.28793
51.5	0.28811
51.51	0.28811
51.52	0.28811
51.53	0.2883
51.54	0.2883
51.55	0.2883
51.56	0.2883
51.57	0.28867
51.58	0.28867
51.59	0.28867
51.6	0.28867
51.61	0.28886
51.62	0.28886
51.63	0.28905
51.64	0.28923
51.65	0.28923
51.66	0.28923
51.67	0.28923
51.68	0.28942
51.69	0.28961
51.7	0.28961
51.71	0.28961
51.72	0.28998
51.73	0.28998
51.74	0.28998
51.75	0.29017
51.76	0.29017
51.77	0.29035
51.78	0.29035
51.79	0.29054
51.8	0.29073
51.81	0.29073
51.82	0.29073
51.83	0.29073
51.84	0.29073
51.85	0.29073
51.86	0.29073
51.87	0.29091
51.88	0.29091
51.89	0.29129
51.9	0.29129
51.91	0.29129
51.92	0.29147
51.93	0.29147
51.94	0.29166
51.95	0.29166
51.96	0.29166
51.97	0.29166
51.98	0.29185
51.99	0.29185
52	0.29203
52.01	0.29203
52.02	0.29203
52.03	0.29203
52.04	0.29222
52.05	0.29222
52.06	0.29259
52.07	0.29259
52.08	0.29278
52.09	0.29297
52.1	0.29297
52.11	0.29297
52.12	0.29297
52.13	0.29297
52.14	0.29297
52.15	0.29297
52.16	0.29297
52.17	0.29297
52.18	0.29297
52.19	0.29297
52.2	0.29297
52.21	0.29315
52.22	0.29352
52.23	0.29371
52.24	0.29408
52.25	0.29408
52.26	0.29408
52.27	0.29446
52.28	0.29483
52.29	0.29483
52.3	0.29483
52.31	0.29502
52.32	0.29502
52.33	0.29502
52.34	0.29502
52.35	0.29502
52.36	0.29539
52.37	0.29539
52.38	0.29558
52.39	0.29576
52.4	0.29576
52.41	0.29576
52.42	0.29576
52.43	0.29595
52.44	0.29595
52.45	0.29595
52.46	0.29614
52.47	0.29632
52.48	0.29632
52.49	0.29632
52.5	0.29632
52.51	0.29632
52.52	0.29651
52.53	0.29688
52.54	0.29744
52.55	0.29744
52.56	0.29744
52.57	0.29744
52.58	0.29763
52.59	0.29763
52.6	0.29782
52.61	0.29782
52.62	0.29782
52.63	0.29782
52.64	0.29782
52.65	0.298
52.66	0.29838
52.67	0.29838
52.68	0.29838
52.69	0.29838
52.7	0.29856
52.71	0.29856
52.72	0.29856
52.73	0.29875
52.74	0.29875
52.75	0.29875
52.76	0.29875
52.77	0.29875
52.78	0.29875
52.79	0.29875
52.8	0.29894
52.81	0.29894
52.82	0.29894
52.83	0.29894
52.84	0.29894
52.85	0.29894
52.86	0.29931
52.87	0.29931
52.88	0.2995
52.89	0.2995
52.9	0.2995
52.91	0.29968
52.92	0.29987
52.93	0.29987
52.94	0.30006
52.95	0.30024
52.96	0.30024
52.97	0.30024
52.98	0.30062
52.99	0.30062
53	0.30062
53.01	0.30062
53.02	0.30062
53.03	0.30099
53.04	0.30118
53.05	0.30155
53.06	0.30211
53.07	0.30211
53.08	0.30211
53.09	0.30211
53.1	0.3023
53.11	0.30248
53.12	0.30248
53.13	0.30248
53.14	0.30248
53.15	0.30248
53.16	0.30267
53.17	0.30267
53.18	0.30267
53.19	0.30286
53.2	0.30286
53.21	0.30286
53.22	0.30286
53.23	0.30304
53.24	0.30323
53.25	0.3036
53.26	0.3036
53.27	0.3036
53.28	0.30379
53.29	0.30379
53.3	0.30379
53.31	0.30379
53.32	0.30379
53.33	0.30379
53.34	0.30379
53.35	0.30379
53.36	0.30379
53.37	0.30397
53.38	0.30435
53.39	0.30435
53.4	0.30435
53.41	0.30435
53.42	0.30453
53.43	0.30453
53.44	0.30472
53.45	0.30472
53.46	0.30472
53.47	0.30472
53.48	0.30491
53.49	0.30509
53.5	0.30547
53.51	0.30547
53.52	0.30547
53.53	0.30547
53.54	0.30547
53.55	0.30565
53.56	0.30603
53.57	0.30603
53.58	0.30621
53.59	0.30621
53.6	0.3064
53.61	0.3064
53.62	0.3064
53.63	0.3064
53.64	0.30659
53.65	0.30659
53.66	0.30677
53.67	0.30677
53.68	0.30677
53.69	0.30696
53.7	0.30696
53.71	0.30696
53.72	0.30696
53.73	0.30696
53.74	0.30752
53.75	0.30752
53.76	0.30771
53.77	0.30771
53.78	0.30789
53.79	0.30789
53.8	0.30827
53.81	0.30845
53.82	0.30845
53.83	0.30845
53.84	0.30864
53.85	0.30864
53.86	0.30883
53.87	0.30901
53.88	0.30901
53.89	0.30901
53.9	0.3092
53.91	0.3092
53.92	0.30957
53.93	0.30957
53.94	0.30957
53.95	0.30976
53.96	0.30995
53.97	0.30995
53.98	0.31013
53.99	0.31013
54	0.31032
54.01	0.31032
54.02	0.31032
54.03	0.31032
54.04	0.31032
54.05	0.31032
54.06	0.31051
54.07	0.31051
54.08	0.31069
54.09	0.31069
54.1	0.31088
54.11	0.31107
54.12	0.31107
54.13	0.31107
54.14	0.31107
54.15	0.31125
54.16	0.31125
54.17	0.31163
54.18	0.31163
