0	0.0001866
0.01	0.0001866
0.02	0.0001866
0.03	0.0001866
0.04	0.0001866
0.05	0.0001866
0.06	0.0001866
0.07	0.0001866
0.08	0.0001866
0.09	0.0001866
0.1	0.0001866
0.11	0.0001866
0.12	0.0001866
0.13	0.0001866
0.14	0.0001866
0.15	0.0001866
0.16	0.0001866
0.17	0.0001866
0.18	0.0001866
0.19	0.0001866
0.2	0.0001866
0.21	0.0001866
0.22	0.0001866
0.23	0.0001866
0.24	0.0001866
0.25	0.0001866
0.26	0.0001866
0.27	0.0001866
0.28	0.0001866
0.29	0.0001866
0.3	0.0001866
0.31	0.0001866
0.32	0.0001866
0.33	0.0001866
0.34	0.0001866
0.35	0.0001866
0.36	0.0001866
0.37	0.0001866
0.38	0.0001866
0.39	0.0001866
0.4	0.0001866
0.41	0.0001866
0.42	0.0001866
0.43	0.0001866
0.44	0.0001866
0.45	0.0001866
0.46	0.0001866
0.47	0.0001866
0.48	0.0001866
0.49	0.0001866
0.5	0.0001866
0.51	0.0001866
0.52	0.0001866
0.53	0.0001866
0.54	0.0001866
0.55	0.0001866
0.56	0.0001866
0.57	0.0001866
0.58	0.0001866
0.59	0.0001866
0.6	0.0001866
0.61	0.0001866
0.62	0.0001866
0.63	0.0001866
0.64	0.0001866
0.65	0.0001866
0.66	0.0001866
0.67	0.0001866
0.68	0.0001866
0.69	0.0001866
0.7	0.0001866
0.71	0.0001866
0.72	0.0001866
0.73	0.0001866
0.74	0.0001866
0.75	0.0001866
0.76	0.0001866
0.77	0.0001866
0.78	0.0001866
0.79	0.0001866
0.8	0.0001866
0.81	0.0001866
0.82	0.0001866
0.83	0.0001866
0.84	0.0001866
0.85	0.0001866
0.86	0.0001866
0.87	0.0001866
0.88	0.0001866
0.89	0.0001866
0.9	0.0001866
0.91	0.0001866
0.92	0.0001866
0.93	0.0001866
0.94	0.0001866
0.95	0.0001866
0.96	0.0001866
0.97	0.0001866
0.98	0.0001866
0.99	0.0001866
1	0.0001866
1.01	0.0001866
1.02	0.0001866
1.03	0.0001866
1.04	0.0001866
1.05	0.0001866
1.06	0.0001866
1.07	0.0001866
1.08	0.0001866
1.09	0.0001866
1.1	0.0001866
1.11	0.0001866
1.12	0.0001866
1.13	0.0001866
1.14	0.0001866
1.15	0.0001866
1.16	0.0001866
1.17	0.0001866
1.18	0.0001866
1.19	0.0001866
1.2	0.0001866
1.21	0.0001866
1.22	0.0001866
1.23	0.0001866
1.24	0.0001866
1.25	0.0001866
1.26	0.0001866
1.27	0.0001866
1.28	0.0001866
1.29	0.0001866
1.3	0.0001866
1.31	0.0001866
1.32	0.0001866
1.33	0.0001866
1.34	0.0001866
1.35	0.0001866
1.36	0.0001866
1.37	0.0001866
1.38	0.0001866
1.39	0.0001866
1.4	0.0001866
1.41	0.0001866
1.42	0.0001866
1.43	0.0001866
1.44	0.0001866
1.45	0.0001866
1.46	0.0001866
1.47	0.0001866
1.48	0.0001866
1.49	0.0001866
1.5	0.0001866
1.51	0.0001866
1.52	0.0001866
1.53	0.0001866
1.54	0.0001866
1.55	0.0001866
1.56	0.0001866
1.57	0.0001866
1.58	0.0001866
1.59	0.0001866
1.6	0.0001866
1.61	0.0001866
1.62	0.0001866
1.63	0.0001866
1.64	0.0001866
1.65	0.0001866
1.66	0.0001866
1.67	0.0001866
1.68	0.0001866
1.69	0.0001866
1.7	0.0001866
1.71	0.0001866
1.72	0.0001866
1.73	0.0001866
1.74	0.0001866
1.75	0.0001866
1.76	0.0001866
1.77	0.0001866
1.78	0.0001866
1.79	0.0001866
1.8	0.0001866
1.81	0.0001866
1.82	0.0001866
1.83	0.0001866
1.84	0.0001866
1.85	0.0001866
1.86	0.0001866
1.87	0.0001866
1.88	0.0001866
1.89	0.0001866
1.9	0.0001866
1.91	0.0001866
1.92	0.0001866
1.93	0.0001866
1.94	0.0001866
1.95	0.0001866
1.96	0.0001866
1.97	0.0001866
1.98	0.0001866
1.99	0.0001866
2	0.0001866
2.01	0.0001866
2.02	0.0001866
2.03	0.0001866
2.04	0.0001866
2.05	0.0001866
2.06	0.0001866
2.07	0.0001866
2.08	0.0001866
2.09	0.0001866
2.1	0.0001866
2.11	0.0001866
2.12	0.0001866
2.13	0.0001866
2.14	0.0001866
2.15	0.0001866
2.16	0.0001866
2.17	0.0001866
2.18	0.0001866
2.19	0.0001866
2.2	0.0001866
2.21	0.0001866
2.22	0.0001866
2.23	0.0001866
2.24	0.0001866
2.25	0.0001866
2.26	0.0001866
2.27	0.0001866
2.28	0.0001866
2.29	0.0001866
2.3	0.0001866
2.31	0.0001866
2.32	0.0001866
2.33	0.0001866
2.34	0.0001866
2.35	0.0001866
2.36	0.0001866
2.37	0.0001866
2.38	0.0001866
2.39	0.0001866
2.4	0.0001866
2.41	0.0001866
2.42	0.0001866
2.43	0.0001866
2.44	0.0001866
2.45	0.0001866
2.46	0.0001866
2.47	0.0001866
2.48	0.0001866
2.49	0.0001866
2.5	0.0001866
2.51	0.0001866
2.52	0.0001866
2.53	0.0001866
2.54	0.0001866
2.55	0.0001866
2.56	0.0001866
2.57	0.0001866
2.58	0.0001866
2.59	0.0001866
2.6	0.0001866
2.61	0.0001866
2.62	0.0001866
2.63	0.0001866
2.64	0.0001866
2.65	0.0001866
2.66	0.0001866
2.67	0.0001866
2.68	0.0001866
2.69	0.0001866
2.7	0.0001866
2.71	0.0001866
2.72	0.0001866
2.73	0.0001866
2.74	0.0001866
2.75	0.0001866
2.76	0.0001866
2.77	0.0001866
2.78	0.0001866
2.79	0.0001866
2.8	0.0001866
2.81	0.0001866
2.82	0.0001866
2.83	0.0001866
2.84	0.0001866
2.85	0.0001866
2.86	0.0001866
2.87	0.0001866
2.88	0.0001866
2.89	0.0001866
2.9	0.0001866
2.91	0.0001866
2.92	0.0001866
2.93	0.0001866
2.94	0.0001866
2.95	0.0001866
2.96	0.0001866
2.97	0.0001866
2.98	0.0001866
2.99	0.0001866
3	0.0001866
3.01	0.0001866
3.02	0.0001866
3.03	0.0001866
3.04	0.0001866
3.05	0.0001866
3.06	0.0001866
3.07	0.0001866
3.08	0.0001866
3.09	0.0001866
3.1	0.0001866
3.11	0.0001866
3.12	0.0001866
3.13	0.0001866
3.14	0.0001866
3.15	0.0001866
3.16	0.0001866
3.17	0.0001866
3.18	0.0001866
3.19	0.0001866
3.2	0.0001866
3.21	0.0001866
3.22	0.0001866
3.23	0.0001866
3.24	0.0001866
3.25	0.0001866
3.26	0.0001866
3.27	0.0001866
3.28	0.0001866
3.29	0.0001866
3.3	0.0001866
3.31	0.0001866
3.32	0.0001866
3.33	0.0001866
3.34	0.0001866
3.35	0.0001866
3.36	0.0001866
3.37	0.0001866
3.38	0.0001866
3.39	0.0001866
3.4	0.0001866
3.41	0.0001866
3.42	0.0001866
3.43	0.0001866
3.44	0.0001866
3.45	0.0001866
3.46	0.0001866
3.47	0.0001866
3.48	0.0001866
3.49	0.0001866
3.5	0.0001866
3.51	0.0001866
3.52	0.0001866
3.53	0.0001866
3.54	0.0001866
3.55	0.0001866
3.56	0.0001866
3.57	0.0001866
3.58	0.0001866
3.59	0.0001866
3.6	0.0001866
3.61	0.0001866
3.62	0.0001866
3.63	0.0001866
3.64	0.0001866
3.65	0.0001866
3.66	0.0001866
3.67	0.0001866
3.68	0.0001866
3.69	0.0001866
3.7	0.0001866
3.71	0.0001866
3.72	0.0001866
3.73	0.0001866
3.74	0.0001866
3.75	0.0001866
3.76	0.0001866
3.77	0.0001866
3.78	0.0001866
3.79	0.0001866
3.8	0.0001866
3.81	0.0001866
3.82	0.0001866
3.83	0.0001866
3.84	0.0001866
3.85	0.0001866
3.86	0.0001866
3.87	0.0001866
3.88	0.0001866
3.89	0.0001866
3.9	0.0001866
3.91	0.0001866
3.92	0.0001866
3.93	0.0001866
3.94	0.0001866
3.95	0.0001866
3.96	0.0001866
3.97	0.0001866
3.98	0.0001866
3.99	0.0001866
4	0.0001866
4.01	0.0001866
4.02	0.0001866
4.03	0.0001866
4.04	0.0001866
4.05	0.0001866
4.06	0.0001866
4.07	0.0001866
4.08	0.0001866
4.09	0.0001866
4.1	0.0001866
4.11	0.0001866
4.12	0.0001866
4.13	0.0001866
4.14	0.0001866
4.15	0.0001866
4.16	0.0001866
4.17	0.0001866
4.18	0.0001866
4.19	0.0001866
4.2	0.0001866
4.21	0.0001866
4.22	0.0001866
4.23	0.0001866
4.24	0.0001866
4.25	0.0001866
4.26	0.0001866
4.27	0.0001866
4.28	0.0001866
4.29	0.0001866
4.3	0.0001866
4.31	0.0001866
4.32	0.0001866
4.33	0.0001866
4.34	0.0001866
4.35	0.0001866
4.36	0.0001866
4.37	0.0001866
4.38	0.0001866
4.39	0.0001866
4.4	0.0001866
4.41	0.0001866
4.42	0.0001866
4.43	0.0001866
4.44	0.0001866
4.45	0.0001866
4.46	0.0001866
4.47	0.0001866
4.48	0.0001866
4.49	0.0001866
4.5	0.0001866
4.51	0.0001866
4.52	0.0001866
4.53	0.0001866
4.54	0.0001866
4.55	0.0001866
4.56	0.0001866
4.57	0.0001866
4.58	0.0001866
4.59	0.0001866
4.6	0.0001866
4.61	0.0001866
4.62	0.0001866
4.63	0.0001866
4.64	0.0001866
4.65	0.0001866
4.66	0.0001866
4.67	0.0001866
4.68	0.0001866
4.69	0.0001866
4.7	0.0001866
4.71	0.0001866
4.72	0.0001866
4.73	0.0001866
4.74	0.0001866
4.75	0.0001866
4.76	0.0001866
4.77	0.0001866
4.78	0.0001866
4.79	0.0001866
4.8	0.0001866
4.81	0.0001866
4.82	0.0001866
4.83	0.0001866
4.84	0.0001866
4.85	0.0001866
4.86	0.0001866
4.87	0.0001866
4.88	0.0001866
4.89	0.0001866
4.9	0.0001866
4.91	0.0001866
4.92	0.0001866
4.93	0.0001866
4.94	0.0001866
4.95	0.0001866
4.96	0.0001866
4.97	0.0001866
4.98	0.0001866
4.99	0.0001866
5	0.0001866
5.01	0.0001866
5.02	0.0001866
5.03	0.0001866
5.04	0.0001866
5.05	0.0001866
5.06	0.0001866
5.07	0.0001866
5.08	0.0001866
5.09	0.0001866
5.1	0.0001866
5.11	0.0001866
5.12	0.0001866
5.13	0.0001866
5.14	0.0001866
5.15	0.0001866
5.16	0.0001866
5.17	0.0001866
5.18	0.0001866
5.19	0.0001866
5.2	0.0001866
5.21	0.0001866
5.22	0.0001866
5.23	0.0001866
5.24	0.0001866
5.25	0.0001866
5.26	0.0001866
5.27	0.0001866
5.28	0.0001866
5.29	0.0001866
5.3	0.0001866
5.31	0.0001866
5.32	0.0001866
5.33	0.0001866
5.34	0.0001866
5.35	0.0001866
5.36	0.0001866
5.37	0.0001866
5.38	0.0001866
5.39	0.0001866
5.4	0.0001866
5.41	0.0001866
5.42	0.0001866
5.43	0.0001866
5.44	0.0001866
5.45	0.0001866
5.46	0.0001866
5.47	0.0001866
5.48	0.0001866
5.49	0.0001866
5.5	0.0001866
5.51	0.0001866
5.52	0.0001866
5.53	0.0001866
5.54	0.0001866
5.55	0.0001866
5.56	0.0001866
5.57	0.0001866
5.58	0.0001866
5.59	0.0001866
5.6	0.0001866
5.61	0.0001866
5.62	0.0001866
5.63	0.0001866
5.64	0.0001866
5.65	0.0001866
5.66	0.0001866
5.67	0.0001866
5.68	0.0001866
5.69	0.0001866
5.7	0.0001866
5.71	0.0001866
5.72	0.0001866
5.73	0.0001866
5.74	0.0001866
5.75	0.0001866
5.76	0.0001866
5.77	0.0001866
5.78	0.0001866
5.79	0.0001866
5.8	0.0001866
5.81	0.0001866
5.82	0.0001866
5.83	0.0001866
5.84	0.0001866
5.85	0.0001866
5.86	0.0001866
5.87	0.0001866
5.88	0.0001866
5.89	0.0001866
5.9	0.0001866
5.91	0.0001866
5.92	0.0001866
5.93	0.0001866
5.94	0.0001866
5.95	0.0001866
5.96	0.0001866
5.97	0.0001866
5.98	0.0001866
5.99	0.0001866
6	0.0001866
6.01	0.0001866
6.02	0.0001866
6.03	0.0001866
6.04	0.0001866
6.05	0.0001866
6.06	0.0001866
6.07	0.0001866
6.08	0.0001866
6.09	0.0001866
6.1	0.0001866
6.11	0.0001866
6.12	0.0001866
6.13	0.0001866
6.14	0.0001866
6.15	0.0001866
6.16	0.0001866
6.17	0.0001866
6.18	0.0001866
6.19	0.0001866
6.2	0.0001866
6.21	0.0001866
6.22	0.0001866
6.23	0.0001866
6.24	0.0001866
6.25	0.0001866
6.26	0.0001866
6.27	0.0001866
6.28	0.0001866
6.29	0.0001866
6.3	0.0001866
6.31	0.0001866
6.32	0.0001866
6.33	0.0001866
6.34	0.0001866
6.35	0.0001866
6.36	0.0001866
6.37	0.0001866
6.38	0.0001866
6.39	0.0001866
6.4	0.0001866
6.41	0.0001866
6.42	0.0001866
6.43	0.0001866
6.44	0.0001866
6.45	0.0001866
6.46	0.0001866
6.47	0.0001866
6.48	0.0001866
6.49	0.0001866
6.5	0.0001866
6.51	0.0001866
6.52	0.0001866
6.53	0.0001866
6.54	0.0001866
6.55	0.0001866
6.56	0.0001866
6.57	0.0001866
6.58	0.0001866
6.59	0.0001866
6.6	0.0001866
6.61	0.0001866
6.62	0.0001866
6.63	0.0001866
6.64	0.0001866
6.65	0.0001866
6.66	0.0001866
6.67	0.0001866
6.68	0.0001866
6.69	0.0001866
6.7	0.0001866
6.71	0.0001866
6.72	0.0001866
6.73	0.0001866
6.74	0.0001866
6.75	0.0001866
6.76	0.0001866
6.77	0.0001866
6.78	0.0001866
6.79	0.0001866
6.8	0.0001866
6.81	0.0001866
6.82	0.0001866
6.83	0.0001866
6.84	0.0001866
6.85	0.0001866
6.86	0.0001866
6.87	0.0001866
6.88	0.0001866
6.89	0.0001866
6.9	0.0001866
6.91	0.0001866
6.92	0.0001866
6.93	0.0001866
6.94	0.0001866
6.95	0.0001866
6.96	0.0001866
6.97	0.0001866
6.98	0.0001866
6.99	0.0001866
7	0.0001866
7.01	0.0001866
7.02	0.0001866
7.03	0.0001866
7.04	0.0001866
7.05	0.0001866
7.06	0.0001866
7.07	0.0001866
7.08	0.0001866
7.09	0.0001866
7.1	0.0001866
7.11	0.0001866
7.12	0.0001866
7.13	0.0001866
7.14	0.0001866
7.15	0.0001866
7.16	0.0001866
7.17	0.0001866
7.18	0.0001866
7.19	0.0001866
7.2	0.0001866
7.21	0.0001866
7.22	0.0001866
7.23	0.0001866
7.24	0.0001866
7.25	0.0001866
7.26	0.0001866
7.27	0.0001866
7.28	0.0001866
7.29	0.0001866
7.3	0.0001866
7.31	0.0001866
7.32	0.0001866
7.33	0.0001866
7.34	0.0001866
7.35	0.0001866
7.36	0.0001866
7.37	0.0001866
7.38	0.0001866
7.39	0.0001866
7.4	0.0001866
7.41	0.0001866
7.42	0.0001866
7.43	0.0001866
7.44	0.0001866
7.45	0.0001866
7.46	0.0001866
7.47	0.0001866
7.48	0.0001866
7.49	0.0001866
7.5	0.0001866
7.51	0.0001866
7.52	0.0001866
7.53	0.0001866
7.54	0.0001866
7.55	0.0001866
7.56	0.0001866
7.57	0.0001866
7.58	0.0001866
7.59	0.0001866
7.6	0.0001866
7.61	0.0001866
7.62	0.0001866
7.63	0.0001866
7.64	0.0001866
7.65	0.0001866
7.66	0.0001866
7.67	0.0001866
7.68	0.0001866
7.69	0.0001866
7.7	0.0001866
7.71	0.0001866
7.72	0.0001866
7.73	0.0001866
7.74	0.0001866
7.75	0.0001866
7.76	0.0001866
7.77	0.0001866
7.78	0.0001866
7.79	0.0001866
7.8	0.0001866
7.81	0.0001866
7.82	0.0001866
7.83	0.0001866
7.84	0.0001866
7.85	0.0001866
7.86	0.0001866
7.87	0.0001866
7.88	0.0001866
7.89	0.0001866
7.9	0.0001866
7.91	0.0001866
7.92	0.0001866
7.93	0.0001866
7.94	0.0001866
7.95	0.0001866
7.96	0.0001866
7.97	0.0001866
7.98	0.0001866
7.99	0.0001866
8	0.0001866
8.01	0.0001866
8.02	0.0001866
8.03	0.0001866
8.04	0.0001866
8.05	0.0001866
8.06	0.0001866
8.07	0.0001866
8.08	0.0001866
8.09	0.0001866
8.1	0.0001866
8.11	0.0001866
8.12	0.0001866
8.13	0.0001866
8.14	0.0001866
8.15	0.0001866
8.16	0.0001866
8.17	0.0001866
8.18	0.0001866
8.19	0.0001866
8.2	0.0001866
8.21	0.0001866
8.22	0.0001866
8.23	0.0001866
8.24	0.0001866
8.25	0.0001866
8.26	0.0001866
8.27	0.0001866
8.28	0.0001866
8.29	0.0001866
8.3	0.0001866
8.31	0.0001866
8.32	0.0001866
8.33	0.0001866
8.34	0.0001866
8.35	0.0001866
8.36	0.0001866
8.37	0.0001866
8.38	0.0001866
8.39	0.0001866
8.4	0.0001866
8.41	0.0001866
8.42	0.0001866
8.43	0.0001866
8.44	0.0001866
8.45	0.0001866
8.46	0.0001866
8.47	0.0001866
8.48	0.0001866
8.49	0.0001866
8.5	0.0001866
8.51	0.0001866
8.52	0.0001866
8.53	0.0001866
8.54	0.0001866
8.55	0.0001866
8.56	0.0001866
8.57	0.0001866
8.58	0.0001866
8.59	0.0001866
8.6	0.0001866
8.61	0.0001866
8.62	0.0001866
8.63	0.0001866
8.64	0.0001866
8.65	0.0001866
8.66	0.0001866
8.67	0.0001866
8.68	0.0001866
8.69	0.0001866
8.7	0.0001866
8.71	0.0001866
8.72	0.0001866
8.73	0.0001866
8.74	0.0001866
8.75	0.0001866
8.76	0.0001866
8.77	0.0001866
8.78	0.0001866
8.79	0.0001866
8.8	0.0001866
8.81	0.0001866
8.82	0.0001866
8.83	0.0001866
8.84	0.0001866
8.85	0.0001866
8.86	0.0001866
8.87	0.0001866
8.88	0.0001866
8.89	0.0001866
8.9	0.0001866
8.91	0.0001866
8.92	0.0001866
8.93	0.0001866
8.94	0.0001866
8.95	0.0001866
8.96	0.0001866
8.97	0.0001866
8.98	0.0001866
8.99	0.0001866
9	0.0001866
9.01	0.0001866
9.02	0.0001866
9.03	0.0001866
9.04	0.0001866
9.05	0.0001866
9.06	0.0001866
9.07	0.0001866
9.08	0.0001866
9.09	0.0001866
9.1	0.0001866
9.11	0.0001866
9.12	0.0001866
9.13	0.0001866
9.14	0.0001866
9.15	0.0001866
9.16	0.0001866
9.17	0.0001866
9.18	0.0001866
9.19	0.0001866
9.2	0.0001866
9.21	0.0001866
9.22	0.0001866
9.23	0.0001866
9.24	0.0001866
9.25	0.0001866
9.26	0.0001866
9.27	0.0001866
9.28	0.0001866
9.29	0.0001866
9.3	0.0001866
9.31	0.0001866
9.32	0.0001866
9.33	0.0001866
9.34	0.0001866
9.35	0.0001866
9.36	0.0001866
9.37	0.0001866
9.38	0.0001866
9.39	0.0001866
9.4	0.0001866
9.41	0.0001866
9.42	0.0001866
9.43	0.0001866
9.44	0.0001866
9.45	0.0001866
9.46	0.0001866
9.47	0.0001866
9.48	0.0001866
9.49	0.0001866
9.5	0.0001866
9.51	0.0001866
9.52	0.0001866
9.53	0.0001866
9.54	0.0001866
9.55	0.0001866
9.56	0.0001866
9.57	0.0001866
9.58	0.0001866
9.59	0.0001866
9.6	0.0001866
9.61	0.0001866
9.62	0.0001866
9.63	0.0001866
9.64	0.0001866
9.65	0.0001866
9.66	0.0001866
9.67	0.0001866
9.68	0.0001866
9.69	0.0001866
9.7	0.0001866
9.71	0.0001866
9.72	0.0001866
9.73	0.0001866
9.74	0.0001866
9.75	0.0001866
9.76	0.0001866
9.77	0.0001866
9.78	0.0001866
9.79	0.0001866
9.8	0.0001866
9.81	0.0001866
9.82	0.0001866
9.83	0.0001866
9.84	0.0001866
9.85	0.0001866
9.86	0.0001866
9.87	0.0001866
9.88	0.0001866
9.89	0.0001866
9.9	0.0001866
9.91	0.0001866
9.92	0.0001866
9.93	0.0001866
9.94	0.0001866
9.95	0.0001866
9.96	0.0001866
9.97	0.0001866
9.98	0.0001866
9.99	0.0001866
10	0.0001866
10.01	0.0001866
10.02	0.0001866
10.03	0.0001866
10.04	0.0001866
10.05	0.0001866
10.06	0.0001866
10.07	0.0001866
10.08	0.0001866
10.09	0.0001866
10.1	0.0001866
10.11	0.0001866
10.12	0.0001866
10.13	0.0001866
10.14	0.0001866
10.15	0.0001866
10.16	0.0001866
10.17	0.0001866
10.18	0.0001866
10.19	0.0001866
10.2	0.0001866
10.21	0.0001866
10.22	0.0001866
10.23	0.0001866
10.24	0.0001866
10.25	0.0001866
10.26	0.0001866
10.27	0.0001866
10.28	0.0001866
10.29	0.0001866
10.3	0.0001866
10.31	0.0001866
10.32	0.0001866
10.33	0.0001866
10.34	0.0001866
10.35	0.0001866
10.36	0.0001866
10.37	0.0001866
10.38	0.0001866
10.39	0.0001866
10.4	0.0001866
10.41	0.0001866
10.42	0.0001866
10.43	0.0001866
10.44	0.0001866
10.45	0.0001866
10.46	0.0001866
10.47	0.0001866
10.48	0.0001866
10.49	0.0001866
10.5	0.0001866
10.51	0.0001866
10.52	0.0001866
10.53	0.0001866
10.54	0.0001866
10.55	0.0001866
10.56	0.0001866
10.57	0.0001866
10.58	0.0001866
10.59	0.0001866
10.6	0.0001866
10.61	0.0001866
10.62	0.0001866
10.63	0.0001866
10.64	0.0001866
10.65	0.0001866
10.66	0.0001866
10.67	0.0001866
10.68	0.0001866
10.69	0.0001866
10.7	0.0001866
10.71	0.0001866
10.72	0.0001866
10.73	0.0001866
10.74	0.0001866
10.75	0.0001866
10.76	0.0001866
10.77	0.0001866
10.78	0.0001866
10.79	0.0001866
10.8	0.0001866
10.81	0.0001866
10.82	0.0001866
10.83	0.0001866
10.84	0.0001866
10.85	0.0001866
10.86	0.0001866
10.87	0.0001866
10.88	0.0001866
10.89	0.0001866
10.9	0.0001866
10.91	0.0001866
10.92	0.0001866
10.93	0.0001866
10.94	0.0001866
10.95	0.0001866
10.96	0.0001866
10.97	0.0001866
10.98	0.0001866
10.99	0.0001866
11	0.0001866
11.01	0.0001866
11.02	0.0001866
11.03	0.0001866
11.04	0.0001866
11.05	0.0001866
11.06	0.0001866
11.07	0.0001866
11.08	0.0001866
11.09	0.0001866
11.1	0.0001866
11.11	0.0001866
11.12	0.0001866
11.13	0.0001866
11.14	0.0001866
11.15	0.0001866
11.16	0.0001866
11.17	0.0001866
11.18	0.0001866
11.19	0.0001866
11.2	0.0001866
11.21	0.0001866
11.22	0.0001866
11.23	0.0001866
11.24	0.0001866
11.25	0.0001866
11.26	0.0001866
11.27	0.0001866
11.28	0.0001866
11.29	0.0001866
11.3	0.0001866
11.31	0.0001866
11.32	0.0001866
11.33	0.0001866
11.34	0.0001866
11.35	0.0001866
11.36	0.0001866
11.37	0.0001866
11.38	0.0001866
11.39	0.0001866
11.4	0.0001866
11.41	0.0001866
11.42	0.0001866
11.43	0.0001866
11.44	0.0001866
11.45	0.0001866
11.46	0.0001866
11.47	0.0001866
11.48	0.0001866
11.49	0.0001866
11.5	0.0001866
11.51	0.0001866
11.52	0.0001866
11.53	0.0001866
11.54	0.0001866
11.55	0.0001866
11.56	0.0001866
11.57	0.0001866
11.58	0.0001866
11.59	0.0001866
11.6	0.0001866
11.61	0.0001866
11.62	0.0001866
11.63	0.0001866
11.64	0.0001866
11.65	0.0001866
11.66	0.0001866
11.67	0.0001866
11.68	0.0001866
11.69	0.0001866
11.7	0.0001866
11.71	0.0001866
11.72	0.0001866
11.73	0.0001866
11.74	0.0001866
11.75	0.0001866
11.76	0.0001866
11.77	0.0001866
11.78	0.0001866
11.79	0.0001866
11.8	0.0001866
11.81	0.0001866
11.82	0.0001866
11.83	0.0001866
11.84	0.0001866
11.85	0.0001866
11.86	0.0001866
11.87	0.0001866
11.88	0.0001866
11.89	0.0001866
11.9	0.0001866
11.91	0.0001866
11.92	0.0001866
11.93	0.0001866
11.94	0.0001866
11.95	0.0001866
11.96	0.0001866
11.97	0.0001866
11.98	0.0001866
11.99	0.0001866
12	0.0001866
12.01	0.0001866
12.02	0.0001866
12.03	0.0001866
12.04	0.0001866
12.05	0.0001866
12.06	0.0001866
12.07	0.0001866
12.08	0.0001866
12.09	0.0001866
12.1	0.0001866
12.11	0.0001866
12.12	0.0001866
12.13	0.0001866
12.14	0.0001866
12.15	0.0001866
12.16	0.0001866
12.17	0.0001866
12.18	0.0001866
12.19	0.0001866
12.2	0.0001866
12.21	0.0001866
12.22	0.0001866
12.23	0.0001866
12.24	0.0001866
12.25	0.0001866
12.26	0.0001866
12.27	0.0001866
12.28	0.0001866
12.29	0.0001866
12.3	0.0001866
12.31	0.0001866
12.32	0.0001866
12.33	0.0001866
12.34	0.0001866
12.35	0.0001866
12.36	0.0001866
12.37	0.0001866
12.38	0.0001866
12.39	0.0001866
12.4	0.0001866
12.41	0.0001866
12.42	0.0001866
12.43	0.0001866
12.44	0.0001866
12.45	0.0001866
12.46	0.0001866
12.47	0.0001866
12.48	0.0001866
12.49	0.0001866
12.5	0.0001866
12.51	0.0001866
12.52	0.0001866
12.53	0.0001866
12.54	0.0001866
12.55	0.0001866
12.56	0.0001866
12.57	0.0001866
12.58	0.0001866
12.59	0.0001866
12.6	0.0001866
12.61	0.0001866
12.62	0.0001866
12.63	0.0001866
12.64	0.0001866
12.65	0.0001866
12.66	0.0001866
12.67	0.0001866
12.68	0.0001866
12.69	0.0001866
12.7	0.0001866
12.71	0.0001866
12.72	0.0001866
12.73	0.0001866
12.74	0.0001866
12.75	0.0001866
12.76	0.0001866
12.77	0.0001866
12.78	0.0001866
12.79	0.0001866
12.8	0.0001866
12.81	0.0001866
12.82	0.0001866
12.83	0.0001866
12.84	0.0001866
12.85	0.0001866
12.86	0.0001866
12.87	0.0001866
12.88	0.0001866
12.89	0.0001866
12.9	0.0001866
12.91	0.0001866
12.92	0.0001866
12.93	0.0001866
12.94	0.0001866
12.95	0.0001866
12.96	0.0001866
12.97	0.0001866
12.98	0.0001866
12.99	0.0001866
13	0.0001866
13.01	0.0001866
13.02	0.0001866
13.03	0.0001866
13.04	0.0001866
13.05	0.0001866
13.06	0.0001866
13.07	0.0001866
13.08	0.0001866
13.09	0.0001866
13.1	0.0001866
13.11	0.0001866
13.12	0.0001866
13.13	0.0001866
13.14	0.0001866
13.15	0.0001866
13.16	0.0001866
13.17	0.0001866
13.18	0.0001866
13.19	0.0001866
13.2	0.0001866
13.21	0.0001866
13.22	0.0001866
13.23	0.0001866
13.24	0.0001866
13.25	0.0001866
13.26	0.0001866
13.27	0.0001866
13.28	0.0001866
13.29	0.0001866
13.3	0.0001866
13.31	0.0001866
13.32	0.0001866
13.33	0.0001866
13.34	0.0001866
13.35	0.0001866
13.36	0.0001866
13.37	0.0001866
13.38	0.0001866
13.39	0.0001866
13.4	0.0001866
13.41	0.0001866
13.42	0.0001866
13.43	0.0001866
13.44	0.0001866
13.45	0.0001866
13.46	0.0001866
13.47	0.0001866
13.48	0.0001866
13.49	0.0001866
13.5	0.0001866
13.51	0.0001866
13.52	0.0001866
13.53	0.0001866
13.54	0.0001866
13.55	0.0001866
13.56	0.0001866
13.57	0.0001866
13.58	0.0001866
13.59	0.0001866
13.6	0.0001866
13.61	0.0001866
13.62	0.0001866
13.63	0.0001866
13.64	0.0001866
13.65	0.0001866
13.66	0.0001866
13.67	0.0001866
13.68	0.0001866
13.69	0.0001866
13.7	0.0001866
13.71	0.0001866
13.72	0.0001866
13.73	0.0001866
13.74	0.0001866
13.75	0.0001866
13.76	0.0001866
13.77	0.0001866
13.78	0.0001866
13.79	0.0001866
13.8	0.0001866
13.81	0.0001866
13.82	0.0001866
13.83	0.0001866
13.84	0.0001866
13.85	0.0001866
13.86	0.0001866
13.87	0.0001866
13.88	0.0001866
13.89	0.0001866
13.9	0.0001866
13.91	0.0001866
13.92	0.0001866
13.93	0.0001866
13.94	0.0001866
13.95	0.0001866
13.96	0.0001866
13.97	0.0001866
13.98	0.0001866
13.99	0.0001866
14	0.0001866
14.01	0.0001866
14.02	0.0001866
14.03	0.0001866
14.04	0.0001866
14.05	0.0001866
14.06	0.0001866
14.07	0.0001866
14.08	0.0001866
14.09	0.0001866
14.1	0.0001866
14.11	0.0001866
14.12	0.0001866
14.13	0.0001866
14.14	0.0001866
14.15	0.0001866
14.16	0.0001866
14.17	0.0001866
14.18	0.0001866
14.19	0.0001866
14.2	0.0001866
14.21	0.0001866
14.22	0.0001866
14.23	0.0001866
14.24	0.0001866
14.25	0.0001866
14.26	0.0001866
14.27	0.0001866
14.28	0.0001866
14.29	0.0001866
14.3	0.0001866
14.31	0.0001866
14.32	0.0001866
14.33	0.0001866
14.34	0.0001866
14.35	0.0001866
14.36	0.0001866
14.37	0.0001866
14.38	0.0001866
14.39	0.0001866
14.4	0.0001866
14.41	0.0001866
14.42	0.0001866
14.43	0.0001866
14.44	0.0001866
14.45	0.0001866
14.46	0.0001866
14.47	0.0001866
14.48	0.0001866
14.49	0.0001866
14.5	0.0001866
14.51	0.0001866
14.52	0.0001866
14.53	0.0001866
14.54	0.0001866
14.55	0.0001866
14.56	0.0001866
14.57	0.0001866
14.58	0.0001866
14.59	0.0001866
14.6	0.0001866
14.61	0.0001866
14.62	0.0001866
14.63	0.0001866
14.64	0.0001866
14.65	0.0001866
14.66	0.0001866
14.67	0.0001866
14.68	0.0001866
14.69	0.0001866
14.7	0.0001866
14.71	0.0001866
14.72	0.0001866
14.73	0.0001866
14.74	0.0001866
14.75	0.0001866
14.76	0.0001866
14.77	0.0001866
14.78	0.0001866
14.79	0.0001866
14.8	0.0001866
14.81	0.0001866
14.82	0.0001866
14.83	0.0001866
14.84	0.0001866
14.85	0.0001866
14.86	0.0001866
14.87	0.0001866
14.88	0.0001866
14.89	0.0001866
14.9	0.0001866
14.91	0.0001866
14.92	0.0001866
14.93	0.0001866
14.94	0.0001866
14.95	0.0001866
14.96	0.0001866
14.97	0.0001866
14.98	0.0001866
14.99	0.0001866
15	0.0001866
15.01	0.0001866
15.02	0.0001866
15.03	0.0001866
15.04	0.0001866
15.05	0.0001866
15.06	0.0001866
15.07	0.0001866
15.08	0.0001866
15.09	0.0001866
15.1	0.0001866
15.11	0.0001866
15.12	0.0001866
15.13	0.0001866
15.14	0.0001866
15.15	0.0001866
15.16	0.0001866
15.17	0.0001866
15.18	0.0001866
15.19	0.0001866
15.2	0.0001866
15.21	0.0001866
15.22	0.0001866
15.23	0.0001866
15.24	0.0001866
15.25	0.0001866
15.26	0.0001866
15.27	0.0001866
15.28	0.0001866
15.29	0.0001866
15.3	0.0001866
15.31	0.0001866
15.32	0.0001866
15.33	0.0001866
15.34	0.0001866
15.35	0.0001866
15.36	0.0001866
15.37	0.0001866
15.38	0.0001866
15.39	0.0001866
15.4	0.0001866
15.41	0.0001866
15.42	0.0001866
15.43	0.0001866
15.44	0.0001866
15.45	0.0001866
15.46	0.0001866
15.47	0.0001866
15.48	0.0001866
15.49	0.0001866
15.5	0.0001866
15.51	0.0001866
15.52	0.0001866
15.53	0.0001866
15.54	0.0001866
15.55	0.0001866
15.56	0.0001866
15.57	0.0001866
15.58	0.0001866
15.59	0.0001866
15.6	0.0001866
15.61	0.0001866
15.62	0.0001866
15.63	0.0001866
15.64	0.0001866
15.65	0.0001866
15.66	0.0001866
15.67	0.0001866
15.68	0.0001866
15.69	0.0001866
15.7	0.0001866
15.71	0.0001866
15.72	0.0001866
15.73	0.0001866
15.74	0.0001866
15.75	0.0001866
15.76	0.0001866
15.77	0.0001866
15.78	0.0001866
15.79	0.0001866
15.8	0.0001866
15.81	0.0001866
15.82	0.0001866
15.83	0.0001866
15.84	0.0001866
15.85	0.0001866
15.86	0.0001866
15.87	0.0001866
15.88	0.0001866
15.89	0.0001866
15.9	0.0001866
15.91	0.0001866
15.92	0.0001866
15.93	0.0001866
15.94	0.0001866
15.95	0.0001866
15.96	0.0001866
15.97	0.0001866
15.98	0.0001866
15.99	0.0001866
16	0.0001866
16.01	0.0001866
16.02	0.0001866
16.03	0.0001866
16.04	0.0001866
16.05	0.0001866
16.06	0.0001866
16.07	0.0001866
16.08	0.0001866
16.09	0.0001866
16.1	0.0001866
16.11	0.0001866
16.12	0.0001866
16.13	0.0001866
16.14	0.0001866
16.15	0.0001866
16.16	0.0001866
16.17	0.0001866
16.18	0.0001866
16.19	0.0001866
16.2	0.0001866
16.21	0.0001866
16.22	0.0001866
16.23	0.0001866
16.24	0.0001866
16.25	0.0001866
16.26	0.0001866
16.27	0.0001866
16.28	0.0001866
16.29	0.0001866
16.3	0.0001866
16.31	0.0001866
16.32	0.0001866
16.33	0.0001866
16.34	0.0001866
16.35	0.0001866
16.36	0.0001866
16.37	0.0001866
16.38	0.0001866
16.39	0.0001866
16.4	0.0001866
16.41	0.0001866
16.42	0.0001866
16.43	0.0001866
16.44	0.0001866
16.45	0.0001866
16.46	0.0001866
16.47	0.0001866
16.48	0.0001866
16.49	0.0001866
16.5	0.0001866
16.51	0.0001866
16.52	0.0001866
16.53	0.0001866
16.54	0.0001866
16.55	0.0001866
16.56	0.0001866
16.57	0.0001866
16.58	0.0001866
16.59	0.0001866
16.6	0.0001866
16.61	0.0001866
16.62	0.0001866
16.63	0.0001866
16.64	0.0001866
16.65	0.0001866
16.66	0.0001866
16.67	0.0001866
16.68	0.0001866
16.69	0.0001866
16.7	0.0001866
16.71	0.0001866
16.72	0.0001866
16.73	0.0001866
16.74	0.0001866
16.75	0.0001866
16.76	0.0001866
16.77	0.0001866
16.78	0.0001866
16.79	0.0001866
16.8	0.0001866
16.81	0.0001866
16.82	0.0001866
16.83	0.0001866
16.84	0.0001866
16.85	0.0001866
16.86	0.0001866
16.87	0.0001866
16.88	0.0001866
16.89	0.0001866
16.9	0.0001866
16.91	0.0001866
16.92	0.0001866
16.93	0.0001866
16.94	0.0001866
16.95	0.0001866
16.96	0.0001866
16.97	0.0001866
16.98	0.0001866
16.99	0.0001866
17	0.0001866
17.01	0.0001866
17.02	0.0001866
17.03	0.0001866
17.04	0.0001866
17.05	0.0001866
17.06	0.0001866
17.07	0.0001866
17.08	0.0001866
17.09	0.0001866
17.1	0.0001866
17.11	0.0001866
17.12	0.0001866
17.13	0.0001866
17.14	0.0001866
17.15	0.0001866
17.16	0.0001866
17.17	0.0001866
17.18	0.0001866
17.19	0.0001866
17.2	0.0001866
17.21	0.0001866
17.22	0.0001866
17.23	0.0001866
17.24	0.0001866
17.25	0.0001866
17.26	0.0001866
17.27	0.0001866
17.28	0.0001866
17.29	0.0001866
17.3	0.0001866
17.31	0.0001866
17.32	0.0001866
17.33	0.0001866
17.34	0.0001866
17.35	0.0001866
17.36	0.0001866
17.37	0.0001866
17.38	0.0001866
17.39	0.0001866
17.4	0.0001866
17.41	0.0001866
17.42	0.0001866
17.43	0.0001866
17.44	0.0001866
17.45	0.0001866
17.46	0.0001866
17.47	0.0001866
17.48	0.0001866
17.49	0.0001866
17.5	0.0001866
17.51	0.0001866
17.52	0.0001866
17.53	0.0001866
17.54	0.0001866
17.55	0.0001866
17.56	0.0001866
17.57	0.0001866
17.58	0.0001866
17.59	0.0001866
17.6	0.0001866
17.61	0.0001866
17.62	0.0001866
17.63	0.0001866
17.64	0.0001866
17.65	0.0001866
17.66	0.0001866
17.67	0.0001866
17.68	0.0001866
17.69	0.0001866
17.7	0.0001866
17.71	0.0001866
17.72	0.0001866
17.73	0.0001866
17.74	0.0001866
17.75	0.0001866
17.76	0.0001866
17.77	0.0001866
17.78	0.0001866
17.79	0.0001866
17.8	0.0001866
17.81	0.0001866
17.82	0.0001866
17.83	0.0001866
17.84	0.0001866
17.85	0.0001866
17.86	0.0001866
17.87	0.0001866
17.88	0.0001866
17.89	0.0001866
17.9	0.0001866
17.91	0.0001866
17.92	0.0001866
17.93	0.0001866
17.94	0.0001866
17.95	0.0001866
17.96	0.0001866
17.97	0.0001866
17.98	0.0001866
17.99	0.0001866
18	0.0001866
18.01	0.0001866
18.02	0.0001866
18.03	0.0001866
18.04	0.0001866
18.05	0.0001866
18.06	0.0001866
18.07	0.0001866
18.08	0.0001866
18.09	0.0001866
18.1	0.0001866
18.11	0.0001866
18.12	0.0001866
18.13	0.0001866
18.14	0.0001866
18.15	0.0001866
18.16	0.0001866
18.17	0.0001866
18.18	0.0001866
18.19	0.0001866
18.2	0.0001866
18.21	0.0001866
18.22	0.0001866
18.23	0.0001866
18.24	0.0001866
18.25	0.0001866
18.26	0.0001866
18.27	0.0001866
18.28	0.0001866
18.29	0.0001866
18.3	0.0001866
18.31	0.0001866
18.32	0.0001866
18.33	0.0001866
18.34	0.0001866
18.35	0.0001866
18.36	0.0001866
18.37	0.0001866
18.38	0.0001866
18.39	0.0001866
18.4	0.0001866
18.41	0.0001866
18.42	0.0001866
18.43	0.0001866
18.44	0.0001866
18.45	0.0001866
18.46	0.0001866
18.47	0.0001866
18.48	0.0001866
18.49	0.0001866
18.5	0.0001866
18.51	0.0001866
18.52	0.0001866
18.53	0.0001866
18.54	0.0001866
18.55	0.0001866
18.56	0.0001866
18.57	0.0001866
18.58	0.0001866
18.59	0.0001866
18.6	0.0001866
18.61	0.0001866
18.62	0.0001866
18.63	0.0001866
18.64	0.0001866
18.65	0.0001866
18.66	0.0001866
18.67	0.0001866
18.68	0.0001866
18.69	0.0001866
18.7	0.0001866
18.71	0.0001866
18.72	0.0001866
18.73	0.0001866
18.74	0.0001866
18.75	0.0001866
18.76	0.0001866
18.77	0.0001866
18.78	0.0001866
18.79	0.0001866
18.8	0.0001866
18.81	0.0001866
18.82	0.0001866
18.83	0.0001866
18.84	0.0001866
18.85	0.0001866
18.86	0.0001866
18.87	0.0001866
18.88	0.0001866
18.89	0.0001866
18.9	0.0001866
18.91	0.0001866
18.92	0.0001866
18.93	0.0001866
18.94	0.0001866
18.95	0.0001866
18.96	0.0001866
18.97	0.0001866
18.98	0.0001866
18.99	0.0001866
19	0.0001866
19.01	0.0001866
19.02	0.0001866
19.03	0.0001866
19.04	0.0001866
19.05	0.0001866
19.06	0.0001866
19.07	0.0001866
19.08	0.0001866
19.09	0.0001866
19.1	0.0001866
19.11	0.0001866
19.12	0.0001866
19.13	0.0001866
19.14	0.0001866
19.15	0.0001866
19.16	0.0001866
19.17	0.0001866
19.18	0.0001866
19.19	0.0001866
19.2	0.0001866
19.21	0.0001866
19.22	0.0001866
19.23	0.0001866
19.24	0.0001866
19.25	0.0001866
19.26	0.0001866
19.27	0.0001866
19.28	0.0001866
19.29	0.0001866
19.3	0.0001866
19.31	0.0001866
19.32	0.0001866
19.33	0.0001866
19.34	0.0001866
19.35	0.0001866
19.36	0.0001866
19.37	0.0001866
19.38	0.0001866
19.39	0.0001866
19.4	0.0001866
19.41	0.0001866
19.42	0.0001866
19.43	0.0001866
19.44	0.0001866
19.45	0.0001866
19.46	0.0001866
19.47	0.0001866
19.48	0.0001866
19.49	0.0001866
19.5	0.0001866
19.51	0.0001866
19.52	0.0001866
19.53	0.0001866
19.54	0.0001866
19.55	0.0001866
19.56	0.0001866
19.57	0.0001866
19.58	0.0001866
19.59	0.0001866
19.6	0.0001866
19.61	0.0001866
19.62	0.0001866
19.63	0.0001866
19.64	0.0001866
19.65	0.0001866
19.66	0.0001866
19.67	0.0001866
19.68	0.0001866
19.69	0.0001866
19.7	0.0001866
19.71	0.0001866
19.72	0.0001866
19.73	0.0001866
19.74	0.0001866
19.75	0.0001866
19.76	0.0001866
19.77	0.0001866
19.78	0.0001866
19.79	0.0001866
19.8	0.0001866
19.81	0.0001866
19.82	0.0001866
19.83	0.0001866
19.84	0.0001866
19.85	0.0001866
19.86	0.0001866
19.87	0.0001866
19.88	0.0001866
19.89	0.0001866
19.9	0.0001866
19.91	0.0001866
19.92	0.0001866
19.93	0.0001866
19.94	0.0001866
19.95	0.0001866
19.96	0.0001866
19.97	0.0001866
19.98	0.0001866
19.99	0.0001866
20	0.0001866
20.01	0.0001866
20.02	0.0001866
20.03	0.0001866
20.04	0.0001866
20.05	0.0001866
20.06	0.0001866
20.07	0.0001866
20.08	0.0001866
20.09	0.0001866
20.1	0.0001866
20.11	0.0001866
20.12	0.0001866
20.13	0.0001866
20.14	0.0001866
20.15	0.0001866
20.16	0.0001866
20.17	0.0001866
20.18	0.0001866
20.19	0.0001866
20.2	0.0001866
20.21	0.0001866
20.22	0.0001866
20.23	0.0001866
20.24	0.0001866
20.25	0.0001866
20.26	0.0001866
20.27	0.0001866
20.28	0.0001866
20.29	0.0001866
20.3	0.0001866
20.31	0.0001866
20.32	0.0001866
20.33	0.0001866
20.34	0.0001866
20.35	0.0001866
20.36	0.0001866
20.37	0.0001866
20.38	0.0001866
20.39	0.0001866
20.4	0.0001866
20.41	0.0001866
20.42	0.0001866
20.43	0.0001866
20.44	0.0001866
20.45	0.0001866
20.46	0.0001866
20.47	0.0001866
20.48	0.0001866
20.49	0.0001866
20.5	0.0001866
20.51	0.0001866
20.52	0.0001866
20.53	0.0001866
20.54	0.0001866
20.55	0.0001866
20.56	0.0001866
20.57	0.0001866
20.58	0.0001866
20.59	0.0001866
20.6	0.0001866
20.61	0.0001866
20.62	0.0001866
20.63	0.0001866
20.64	0.0001866
20.65	0.0001866
20.66	0.0001866
20.67	0.0001866
20.68	0.0001866
20.69	0.0001866
20.7	0.0001866
20.71	0.0001866
20.72	0.0001866
20.73	0.0001866
20.74	0.0001866
20.75	0.0001866
20.76	0.0001866
20.77	0.0001866
20.78	0.0001866
20.79	0.0001866
20.8	0.0001866
20.81	0.0001866
20.82	0.0001866
20.83	0.0001866
20.84	0.0001866
20.85	0.0001866
20.86	0.0001866
20.87	0.0001866
20.88	0.0001866
20.89	0.0001866
20.9	0.0001866
20.91	0.0001866
20.92	0.0001866
20.93	0.0001866
20.94	0.0001866
20.95	0.0001866
20.96	0.0001866
20.97	0.0001866
20.98	0.0001866
20.99	0.0001866
21	0.0001866
21.01	0.0001866
21.02	0.0001866
21.03	0.0001866
21.04	0.0001866
21.05	0.0001866
21.06	0.0001866
21.07	0.0001866
21.08	0.0001866
21.09	0.0001866
21.1	0.0001866
21.11	0.0001866
21.12	0.0001866
21.13	0.0001866
21.14	0.0001866
21.15	0.0001866
21.16	0.0001866
21.17	0.0001866
21.18	0.0001866
21.19	0.0001866
21.2	0.0001866
21.21	0.0001866
21.22	0.0001866
21.23	0.0001866
21.24	0.0001866
21.25	0.0001866
21.26	0.0001866
21.27	0.0001866
21.28	0.0001866
21.29	0.0001866
21.3	0.0001866
21.31	0.0001866
21.32	0.0001866
21.33	0.0001866
21.34	0.0001866
21.35	0.0001866
21.36	0.0001866
21.37	0.0001866
21.38	0.0001866
21.39	0.0001866
21.4	0.0001866
21.41	0.0001866
21.42	0.0001866
21.43	0.0001866
21.44	0.0001866
21.45	0.0001866
21.46	0.0001866
21.47	0.00074641
21.48	0.00093301
21.49	0.00093301
21.5	0.00093301
21.51	0.00093301
21.52	0.00093301
21.53	0.00093301
21.54	0.00093301
21.55	0.00093301
21.56	0.00093301
21.57	0.00093301
21.58	0.00093301
21.59	0.00093301
21.6	0.00093301
21.61	0.00093301
21.62	0.00093301
21.63	0.00093301
21.64	0.00093301
21.65	0.00093301
21.66	0.00093301
21.67	0.00093301
21.68	0.00093301
21.69	0.00093301
21.7	0.00093301
21.71	0.00093301
21.72	0.00093301
21.73	0.00093301
21.74	0.00093301
21.75	0.00093301
21.76	0.00093301
21.77	0.00093301
21.78	0.00093301
21.79	0.00093301
21.8	0.00093301
21.81	0.00093301
21.82	0.00093301
21.83	0.00093301
21.84	0.00093301
21.85	0.00093301
21.86	0.00093301
21.87	0.00093301
21.88	0.00093301
21.89	0.00093301
21.9	0.00093301
21.91	0.00093301
21.92	0.00093301
21.93	0.00093301
21.94	0.00093301
21.95	0.00093301
21.96	0.00093301
21.97	0.00093301
21.98	0.00093301
21.99	0.00093301
22	0.00093301
22.01	0.00093301
22.02	0.00093301
22.03	0.00093301
22.04	0.00093301
22.05	0.00093301
22.06	0.00093301
22.07	0.00093301
22.08	0.00093301
22.09	0.00093301
22.1	0.00093301
22.11	0.00093301
22.12	0.00093301
22.13	0.00093301
22.14	0.00093301
22.15	0.00093301
22.16	0.00093301
22.17	0.00093301
22.18	0.00093301
22.19	0.00093301
22.2	0.00093301
22.21	0.00093301
22.22	0.00093301
22.23	0.00093301
22.24	0.00093301
22.25	0.00093301
22.26	0.00093301
22.27	0.00093301
22.28	0.00093301
22.29	0.00093301
22.3	0.00093301
22.31	0.00093301
22.32	0.00093301
22.33	0.00093301
22.34	0.00093301
22.35	0.00093301
22.36	0.00093301
22.37	0.00093301
22.38	0.00093301
22.39	0.00093301
22.4	0.00093301
22.41	0.00093301
22.42	0.00093301
22.43	0.00093301
22.44	0.00093301
22.45	0.00093301
22.46	0.00093301
22.47	0.00093301
22.48	0.0014928
22.49	0.0016794
22.5	0.0016794
22.51	0.0016794
22.52	0.0016794
22.53	0.0016794
22.54	0.0016794
22.55	0.0016794
22.56	0.0016794
22.57	0.0016794
22.58	0.0016794
22.59	0.0016794
22.6	0.0016794
22.61	0.0016794
22.62	0.0016794
22.63	0.0016794
22.64	0.0016794
22.65	0.0016794
22.66	0.0016794
22.67	0.0016794
22.68	0.0016794
22.69	0.0016794
22.7	0.0016794
22.71	0.0016794
22.72	0.0016794
22.73	0.0016794
22.74	0.0016794
22.75	0.0016794
22.76	0.0016794
22.77	0.0016794
22.78	0.0016794
22.79	0.0016794
22.8	0.0016794
22.81	0.0016794
22.82	0.0016794
22.83	0.0016794
22.84	0.0016794
22.85	0.0016794
22.86	0.0016794
22.87	0.0016794
22.88	0.0016794
22.89	0.0016794
22.9	0.0016794
22.91	0.0016794
22.92	0.0016794
22.93	0.0016794
22.94	0.0016794
22.95	0.0016794
22.96	0.0016794
22.97	0.0016794
22.98	0.0016794
22.99	0.0016794
23	0.0016794
23.01	0.0016794
23.02	0.0016794
23.03	0.0016794
23.04	0.0016794
23.05	0.0016794
23.06	0.0016794
23.07	0.0016794
23.08	0.0016794
23.09	0.0016794
23.1	0.0016794
23.11	0.0016794
23.12	0.0016794
23.13	0.0016794
23.14	0.0016794
23.15	0.0016794
23.16	0.0016794
23.17	0.0016794
23.18	0.0016794
23.19	0.0016794
23.2	0.0016794
23.21	0.0016794
23.22	0.0016794
23.23	0.0016794
23.24	0.0016794
23.25	0.001866
23.26	0.0022392
23.27	0.0024258
23.28	0.0024258
23.29	0.0024258
23.3	0.0024258
23.31	0.0024258
23.32	0.0024258
23.33	0.0024258
23.34	0.0024258
23.35	0.0024258
23.36	0.0024258
23.37	0.0024258
23.38	0.0024258
23.39	0.0024258
23.4	0.0024258
23.41	0.0024258
23.42	0.0024258
23.43	0.0024258
23.44	0.0024258
23.45	0.0024258
23.46	0.0024258
23.47	0.0024258
23.48	0.0024258
23.49	0.0024258
23.5	0.0024258
23.51	0.0024258
23.52	0.0024258
23.53	0.0024258
23.54	0.0024258
23.55	0.0024258
23.56	0.0024258
23.57	0.0024258
23.58	0.0024258
23.59	0.0024258
23.6	0.0024258
23.61	0.0024258
23.62	0.0024258
23.63	0.0024258
23.64	0.0024258
23.65	0.0024258
23.66	0.0024258
23.67	0.0024258
23.68	0.0024258
23.69	0.0024258
23.7	0.0024258
23.71	0.0024258
23.72	0.0026124
23.73	0.0033588
23.74	0.003732
23.75	0.0039186
23.76	0.0039186
23.77	0.0039186
23.78	0.0039186
23.79	0.0039186
23.8	0.0039186
23.81	0.0039186
23.82	0.0039186
23.83	0.0039186
23.84	0.0039186
23.85	0.0039186
23.86	0.0039186
23.87	0.0039186
23.88	0.0039186
23.89	0.0039186
23.9	0.0039186
23.91	0.0039186
23.92	0.0039186
23.93	0.0039186
23.94	0.0039186
23.95	0.0039186
23.96	0.0039186
23.97	0.0039186
23.98	0.0039186
23.99	0.0039186
24	0.0039186
24.01	0.0039186
24.02	0.0039186
24.03	0.0039186
24.04	0.0039186
24.05	0.0039186
24.06	0.0039186
24.07	0.0039186
24.08	0.0039186
24.09	0.0039186
24.1	0.0039186
24.11	0.0039186
24.12	0.0039186
24.13	0.0039186
24.14	0.0039186
24.15	0.0039186
24.16	0.0039186
24.17	0.0039186
24.18	0.0039186
24.19	0.0039186
24.2	0.0039186
24.21	0.0039186
24.22	0.0039186
24.23	0.0039186
24.24	0.0039186
24.25	0.0039186
24.26	0.0039186
24.27	0.0039186
24.28	0.0039186
24.29	0.0039186
24.3	0.0039186
24.31	0.0039186
24.32	0.0039186
24.33	0.0039186
24.34	0.0039186
24.35	0.0039186
24.36	0.0039186
24.37	0.0039186
24.38	0.0039186
24.39	0.0039186
24.4	0.0039186
24.41	0.0039186
24.42	0.0039186
24.43	0.0039186
24.44	0.0039186
24.45	0.0039186
24.46	0.0039186
24.47	0.0039186
24.48	0.0039186
24.49	0.0039186
24.5	0.0039186
24.51	0.0039186
24.52	0.0039186
24.53	0.0039186
24.54	0.0039186
24.55	0.0039186
24.56	0.0039186
24.57	0.0042918
24.58	0.0044784
24.59	0.0044784
24.6	0.004665
24.61	0.004665
24.62	0.004665
24.63	0.004665
24.64	0.004665
24.65	0.004665
24.66	0.004665
24.67	0.004665
24.68	0.004665
24.69	0.0048517
24.7	0.0050383
24.71	0.0052249
24.72	0.0052249
24.73	0.0054115
24.74	0.0054115
24.75	0.0054115
24.76	0.0054115
24.77	0.0054115
24.78	0.0054115
24.79	0.0054115
24.8	0.0054115
24.81	0.0054115
24.82	0.0054115
24.83	0.0054115
24.84	0.0054115
24.85	0.0054115
24.86	0.0054115
24.87	0.0054115
24.88	0.0054115
24.89	0.0054115
24.9	0.0054115
24.91	0.0054115
24.92	0.0054115
24.93	0.0054115
24.94	0.0054115
24.95	0.0059713
24.96	0.0063445
24.97	0.0063445
24.98	0.0065311
24.99	0.0067177
25	0.0069043
25.01	0.0069043
25.02	0.0069043
25.03	0.0069043
25.04	0.0069043
25.05	0.0069043
25.06	0.0069043
25.07	0.0069043
25.08	0.0069043
25.09	0.0069043
25.1	0.0069043
25.11	0.0069043
25.12	0.0069043
25.13	0.0069043
25.14	0.0069043
25.15	0.0069043
25.16	0.0069043
25.17	0.0069043
25.18	0.0069043
25.19	0.0069043
25.2	0.0069043
25.21	0.0069043
25.22	0.0069043
25.23	0.0069043
25.24	0.0069043
25.25	0.0069043
25.26	0.0069043
25.27	0.0069043
25.28	0.0069043
25.29	0.0069043
25.3	0.0069043
25.31	0.0069043
25.32	0.0069043
25.33	0.0069043
25.34	0.0069043
25.35	0.0069043
25.36	0.0069043
25.37	0.0069043
25.38	0.0069043
25.39	0.0069043
25.4	0.0069043
25.41	0.0069043
25.42	0.0069043
25.43	0.0069043
25.44	0.0069043
25.45	0.0069043
25.46	0.0069043
25.47	0.0069043
25.48	0.0069043
25.49	0.0069043
25.5	0.0069043
25.51	0.0069043
25.52	0.0069043
25.53	0.0069043
25.54	0.0076507
25.55	0.0076507
25.56	0.0078373
25.57	0.0080239
25.58	0.0080239
25.59	0.0082105
25.6	0.0083971
25.61	0.0083971
25.62	0.0083971
25.63	0.0083971
25.64	0.0083971
25.65	0.0083971
25.66	0.0083971
25.67	0.0083971
25.68	0.0083971
25.69	0.0083971
25.7	0.0083971
25.71	0.0083971
25.72	0.0083971
25.73	0.0083971
25.74	0.0083971
25.75	0.0083971
25.76	0.0083971
25.77	0.0083971
25.78	0.0083971
25.79	0.0083971
25.8	0.0083971
25.81	0.0083971
25.82	0.0083971
25.83	0.0083971
25.84	0.0083971
25.85	0.0083971
25.86	0.0083971
25.87	0.0083971
25.88	0.0083971
25.89	0.0083971
25.9	0.0083971
25.91	0.0083971
25.92	0.0083971
25.93	0.0083971
25.94	0.0083971
25.95	0.0087703
25.96	0.0087703
25.97	0.0089569
25.98	0.0089569
25.99	0.0089569
26	0.0089569
26.01	0.0089569
26.02	0.0091435
26.03	0.0091435
26.04	0.0091435
26.05	0.0091435
26.06	0.0091435
26.07	0.0091435
26.08	0.0091435
26.09	0.0091435
26.1	0.0091435
26.11	0.0093301
26.12	0.0098899
26.13	0.010077
26.14	0.010077
26.15	0.010263
26.16	0.010263
26.17	0.010263
26.18	0.01045
26.19	0.01045
26.2	0.010636
26.21	0.010636
26.22	0.010636
26.23	0.010636
26.24	0.010636
26.25	0.010636
26.26	0.010636
26.27	0.010636
26.28	0.010636
26.29	0.010823
26.3	0.01101
26.31	0.01101
26.32	0.01101
26.33	0.011196
26.34	0.011196
26.35	0.011196
26.36	0.011196
26.37	0.011383
26.38	0.011383
26.39	0.011383
26.4	0.011383
26.41	0.011383
26.42	0.011383
26.43	0.011383
26.44	0.011383
26.45	0.011383
26.46	0.011383
26.47	0.011383
26.48	0.011383
26.49	0.011383
26.5	0.011383
26.51	0.011383
26.52	0.011383
26.53	0.011569
26.54	0.012129
26.55	0.012316
26.56	0.012316
26.57	0.012316
26.58	0.012316
26.59	0.012316
26.6	0.012689
26.61	0.012689
26.62	0.012689
26.63	0.012689
26.64	0.012876
26.65	0.012876
26.66	0.012876
26.67	0.012876
26.68	0.012876
26.69	0.012876
26.7	0.012876
26.71	0.012876
26.72	0.012876
26.73	0.012876
26.74	0.012876
26.75	0.012876
26.76	0.012876
26.77	0.012876
26.78	0.012876
26.79	0.012876
26.8	0.012876
26.81	0.012876
26.82	0.012876
26.83	0.012876
26.84	0.012876
26.85	0.012876
26.86	0.012876
26.87	0.012876
26.88	0.012876
26.89	0.012876
26.9	0.012876
26.91	0.012876
26.92	0.012876
26.93	0.012876
26.94	0.012876
26.95	0.012876
26.96	0.012876
26.97	0.012876
26.98	0.012876
26.99	0.012876
27	0.012876
27.01	0.012876
27.02	0.012876
27.03	0.012876
27.04	0.012876
27.05	0.012876
27.06	0.012876
27.07	0.012876
27.08	0.013249
27.09	0.013249
27.1	0.013249
27.11	0.013435
27.12	0.013622
27.13	0.014182
27.14	0.014182
27.15	0.014182
27.16	0.014368
27.17	0.014368
27.18	0.014368
27.19	0.014742
27.2	0.015301
27.21	0.015675
27.22	0.015675
27.23	0.015861
27.24	0.016048
27.25	0.016048
27.26	0.016234
27.27	0.016234
27.28	0.016234
27.29	0.016234
27.3	0.016234
27.31	0.016421
27.32	0.016421
27.33	0.016421
27.34	0.016608
27.35	0.016608
27.36	0.016608
27.37	0.016608
27.38	0.016608
27.39	0.016608
27.4	0.016608
27.41	0.016608
27.42	0.016608
27.43	0.016608
27.44	0.016608
27.45	0.016608
27.46	0.016608
27.47	0.016608
27.48	0.016608
27.49	0.016608
27.5	0.016608
27.51	0.016794
27.52	0.017354
27.53	0.017541
27.54	0.017541
27.55	0.017541
27.56	0.017541
27.57	0.017541
27.58	0.017541
27.59	0.017541
27.6	0.017727
27.61	0.017727
27.62	0.017914
27.63	0.017914
27.64	0.017914
27.65	0.017914
27.66	0.017914
27.67	0.017914
27.68	0.017914
27.69	0.0181
27.7	0.0181
27.71	0.0181
27.72	0.0181
27.73	0.0181
27.74	0.0181
27.75	0.0181
27.76	0.0181
27.77	0.0181
27.78	0.0181
27.79	0.0181
27.8	0.0181
27.81	0.0181
27.82	0.018474
27.83	0.018474
27.84	0.018474
27.85	0.018474
27.86	0.018474
27.87	0.018474
27.88	0.01866
27.89	0.01866
27.9	0.01866
27.91	0.01866
27.92	0.01866
27.93	0.01866
27.94	0.01866
27.95	0.01866
27.96	0.01866
27.97	0.01866
27.98	0.019033
27.99	0.019407
28	0.019593
28.01	0.019593
28.02	0.01978
28.03	0.01978
28.04	0.01978
28.05	0.01978
28.06	0.01978
28.07	0.01978
28.08	0.01978
28.09	0.019966
28.1	0.019966
28.11	0.019966
28.12	0.02034
28.13	0.02034
28.14	0.020526
28.15	0.020526
28.16	0.020713
28.17	0.020713
28.18	0.020713
28.19	0.020713
28.2	0.021086
28.21	0.021273
28.22	0.021273
28.23	0.021646
28.24	0.021832
28.25	0.021832
28.26	0.021832
28.27	0.021832
28.28	0.022019
28.29	0.022019
28.3	0.022019
28.31	0.022019
28.32	0.022019
28.33	0.022019
28.34	0.022206
28.35	0.022206
28.36	0.022206
28.37	0.022206
28.38	0.022206
28.39	0.022206
28.4	0.022206
28.41	0.022392
28.42	0.022392
28.43	0.022392
28.44	0.022392
28.45	0.022579
28.46	0.022765
28.47	0.022952
28.48	0.023325
28.49	0.023512
28.5	0.023512
28.51	0.023512
28.52	0.023512
28.53	0.023512
28.54	0.023512
28.55	0.023512
28.56	0.024072
28.57	0.024445
28.58	0.024445
28.59	0.024445
28.6	0.024445
28.61	0.024445
28.62	0.024631
28.63	0.024631
28.64	0.024818
28.65	0.024818
28.66	0.024818
28.67	0.025005
28.68	0.025005
28.69	0.025005
28.7	0.025005
28.71	0.025005
28.72	0.025005
28.73	0.025005
28.74	0.025005
28.75	0.025005
28.76	0.025191
28.77	0.025378
28.78	0.025378
28.79	0.025378
28.8	0.025378
28.81	0.025378
28.82	0.025564
28.83	0.025564
28.84	0.025751
28.85	0.025938
28.86	0.026124
28.87	0.026311
28.88	0.026497
28.89	0.026497
28.9	0.026497
28.91	0.026497
28.92	0.026497
28.93	0.026497
28.94	0.026497
28.95	0.026497
28.96	0.026497
28.97	0.026497
28.98	0.026497
28.99	0.026497
29	0.026497
29.01	0.026684
29.02	0.026871
29.03	0.026871
29.04	0.026871
29.05	0.026871
29.06	0.026871
29.07	0.026871
29.08	0.026871
29.09	0.027057
29.1	0.027057
29.11	0.027057
29.12	0.027057
29.13	0.027057
29.14	0.027057
29.15	0.02743
29.16	0.027617
29.17	0.027804
29.18	0.027804
29.19	0.027804
29.2	0.028364
29.21	0.028737
29.22	0.028923
29.23	0.028923
29.24	0.028923
29.25	0.028923
29.26	0.02911
29.27	0.02911
29.28	0.02911
29.29	0.02911
29.3	0.02911
29.31	0.029297
29.32	0.029483
29.33	0.02967
29.34	0.029856
29.35	0.029856
29.36	0.03023
29.37	0.03023
29.38	0.030416
29.39	0.030789
29.4	0.030789
29.41	0.030976
29.42	0.030976
29.43	0.031163
29.44	0.031163
29.45	0.031349
29.46	0.031349
29.47	0.031349
29.48	0.031349
29.49	0.031536
29.5	0.031722
29.51	0.031909
29.52	0.032096
29.53	0.032096
29.54	0.032096
29.55	0.032096
29.56	0.032096
29.57	0.032096
29.58	0.032469
29.59	0.032469
29.6	0.032469
29.61	0.032469
29.62	0.032469
29.63	0.032469
29.64	0.032469
29.65	0.032469
29.66	0.032655
29.67	0.032655
29.68	0.032842
29.69	0.033029
29.7	0.033029
29.71	0.033029
29.72	0.033402
29.73	0.033402
29.74	0.033402
29.75	0.033775
29.76	0.033775
29.77	0.033775
29.78	0.033775
29.79	0.033775
29.8	0.033775
29.81	0.033775
29.82	0.033775
29.83	0.033775
29.84	0.033775
29.85	0.033962
29.86	0.033962
29.87	0.034148
29.88	0.034335
29.89	0.034708
29.9	0.034708
29.91	0.034895
29.92	0.034895
29.93	0.034895
29.94	0.034895
29.95	0.034895
29.96	0.035081
29.97	0.035081
29.98	0.035268
29.99	0.035268
30	0.035268
30.01	0.035454
30.02	0.035454
30.03	0.035454
30.04	0.035454
30.05	0.035641
30.06	0.035828
30.07	0.036014
30.08	0.036014
30.09	0.036387
30.1	0.036574
30.11	0.036574
30.12	0.037134
30.13	0.037134
30.14	0.037134
30.15	0.037134
30.16	0.03732
30.17	0.037694
30.18	0.037694
30.19	0.038067
30.2	0.038067
30.21	0.038067
30.22	0.038067
30.23	0.038253
30.24	0.038253
30.25	0.038253
30.26	0.038813
30.27	0.039
30.28	0.039
30.29	0.039
30.3	0.039
30.31	0.039
30.32	0.039
30.33	0.039186
30.34	0.039186
30.35	0.039186
30.36	0.03956
30.37	0.03956
30.38	0.03956
30.39	0.039746
30.4	0.039746
30.41	0.040119
30.42	0.040119
30.43	0.040119
30.44	0.040119
30.45	0.040119
30.46	0.040119
30.47	0.040119
30.48	0.040306
30.49	0.040306
30.5	0.040493
30.51	0.040493
30.52	0.040866
30.53	0.040866
30.54	0.041052
30.55	0.041052
30.56	0.041052
30.57	0.041239
30.58	0.041612
30.59	0.042172
30.6	0.042172
30.61	0.042172
30.62	0.042172
30.63	0.042172
30.64	0.042359
30.65	0.042732
30.66	0.042732
30.67	0.042732
30.68	0.042918
30.69	0.042918
30.7	0.043105
30.71	0.043105
30.72	0.043105
30.73	0.043105
30.74	0.043292
30.75	0.043292
30.76	0.043478
30.77	0.043665
30.78	0.043665
30.79	0.043665
30.8	0.043665
30.81	0.043665
30.82	0.043665
30.83	0.043665
30.84	0.043851
30.85	0.043851
30.86	0.044225
30.87	0.044225
30.88	0.044411
30.89	0.044411
30.9	0.044411
30.91	0.044411
30.92	0.044784
30.93	0.045344
30.94	0.045344
30.95	0.045344
30.96	0.045344
30.97	0.045344
30.98	0.045531
30.99	0.045904
31	0.045904
31.01	0.045904
31.02	0.046091
31.03	0.046091
31.04	0.046091
31.05	0.046277
31.06	0.046277
31.07	0.046464
31.08	0.047024
31.09	0.04721
31.1	0.047397
31.11	0.047957
31.12	0.047957
31.13	0.047957
31.14	0.047957
31.15	0.04833
31.16	0.04833
31.17	0.04833
31.18	0.048517
31.19	0.048517
31.2	0.048517
31.21	0.048517
31.22	0.048517
31.23	0.048517
31.24	0.04889
31.25	0.04889
31.26	0.04889
31.27	0.049263
31.28	0.04945
31.29	0.049636
31.3	0.050196
31.31	0.050196
31.32	0.050569
31.33	0.050569
31.34	0.050756
31.35	0.050756
31.36	0.050756
31.37	0.050942
31.38	0.051129
31.39	0.051316
31.4	0.051316
31.41	0.051316
31.42	0.051502
31.43	0.051502
31.44	0.051875
31.45	0.051875
31.46	0.051875
31.47	0.051875
31.48	0.051875
31.49	0.051875
31.5	0.051875
31.51	0.051875
31.52	0.051875
31.53	0.051875
31.54	0.052062
31.55	0.052062
31.56	0.052062
31.57	0.052062
31.58	0.052062
31.59	0.052062
31.6	0.052062
31.61	0.052249
31.62	0.052622
31.63	0.052622
31.64	0.052622
31.65	0.052622
31.66	0.052622
31.67	0.052808
31.68	0.053182
31.69	0.053182
31.7	0.053182
31.71	0.053368
31.72	0.053555
31.73	0.053741
31.74	0.053928
31.75	0.054301
31.76	0.054488
31.77	0.054488
31.78	0.054674
31.79	0.054861
31.8	0.055234
31.81	0.055234
31.82	0.055421
31.83	0.055607
31.84	0.055981
31.85	0.056167
31.86	0.056167
31.87	0.056354
31.88	0.056354
31.89	0.05654
31.9	0.056727
31.91	0.056727
31.92	0.056727
31.93	0.0571
31.94	0.057473
31.95	0.057473
31.96	0.057847
31.97	0.058033
31.98	0.058033
31.99	0.058033
32	0.058033
32.01	0.05822
32.02	0.058406
32.03	0.058406
32.04	0.058406
32.05	0.058406
32.06	0.058593
32.07	0.059153
32.08	0.059526
32.09	0.059526
32.1	0.059899
32.11	0.059899
32.12	0.060086
32.13	0.060086
32.14	0.060459
32.15	0.060459
32.16	0.060832
32.17	0.060832
32.18	0.060832
32.19	0.060832
32.2	0.060832
32.21	0.060832
32.22	0.061019
32.23	0.061205
32.24	0.061205
32.25	0.061392
32.26	0.061392
32.27	0.061579
32.28	0.061765
32.29	0.061765
32.3	0.061765
32.31	0.061765
32.32	0.061952
32.33	0.061952
32.34	0.061952
32.35	0.062325
32.36	0.062512
32.37	0.062698
32.38	0.062885
32.39	0.062885
32.4	0.062885
32.41	0.063071
32.42	0.063258
32.43	0.063258
32.44	0.063258
32.45	0.063258
32.46	0.063631
32.47	0.063818
32.48	0.064004
32.49	0.064004
32.5	0.064004
32.51	0.064191
32.52	0.064191
32.53	0.064191
32.54	0.064378
32.55	0.064937
32.56	0.064937
32.57	0.064937
32.58	0.064937
32.59	0.065311
32.6	0.065684
32.61	0.065684
32.62	0.065684
32.63	0.065684
32.64	0.065684
32.65	0.066244
32.66	0.066804
32.67	0.066804
32.68	0.067177
32.69	0.067177
32.7	0.067177
32.71	0.067363
32.72	0.06755
32.73	0.06755
32.74	0.06755
32.75	0.067737
32.76	0.067737
32.77	0.067923
32.78	0.067923
32.79	0.067923
32.8	0.068483
32.81	0.068483
32.82	0.068483
32.83	0.06867
32.84	0.069043
32.85	0.069043
32.86	0.069229
32.87	0.069416
32.88	0.069603
32.89	0.069603
32.9	0.069976
32.91	0.069976
32.92	0.069976
32.93	0.069976
32.94	0.069976
32.95	0.069976
32.96	0.070162
32.97	0.070349
32.98	0.070722
32.99	0.070722
33	0.070722
33.01	0.070909
33.02	0.071095
33.03	0.071282
33.04	0.071282
33.05	0.071282
33.06	0.071282
33.07	0.071469
33.08	0.071842
33.09	0.071842
33.1	0.072028
33.11	0.072215
33.12	0.072588
33.13	0.072588
33.14	0.072775
33.15	0.073148
33.16	0.073335
33.17	0.073335
33.18	0.073521
33.19	0.073521
33.2	0.073708
33.21	0.073708
33.22	0.073708
33.23	0.074081
33.24	0.074081
33.25	0.074454
33.26	0.074454
33.27	0.074454
33.28	0.074454
33.29	0.074827
33.3	0.075014
33.31	0.075014
33.32	0.075387
33.33	0.075387
33.34	0.07576
33.35	0.075947
33.36	0.076134
33.37	0.076134
33.38	0.07632
33.39	0.07632
33.4	0.076507
33.41	0.076693
33.42	0.077067
33.43	0.077253
33.44	0.077626
33.45	0.077626
33.46	0.077813
33.47	0.078
33.48	0.078186
33.49	0.078746
33.5	0.078746
33.51	0.078746
33.52	0.079119
33.53	0.079306
33.54	0.079306
33.55	0.079306
33.56	0.079492
33.57	0.079866
33.58	0.079866
33.59	0.080239
33.6	0.080612
33.61	0.080985
33.62	0.080985
33.63	0.081358
33.64	0.081358
33.65	0.081358
33.66	0.081358
33.67	0.081358
33.68	0.081545
33.69	0.081545
33.7	0.081545
33.71	0.081545
33.72	0.081545
33.73	0.081545
33.74	0.081732
33.75	0.081918
33.76	0.081918
33.77	0.081918
33.78	0.081918
33.79	0.082291
33.8	0.082478
33.81	0.082665
33.82	0.082665
33.83	0.083038
33.84	0.083038
33.85	0.083038
33.86	0.083224
33.87	0.083411
33.88	0.083411
33.89	0.083598
33.9	0.083784
33.91	0.084157
33.92	0.084157
33.93	0.084157
33.94	0.084157
33.95	0.084157
33.96	0.084157
33.97	0.084157
33.98	0.084344
33.99	0.084344
34	0.084344
34.01	0.084531
34.02	0.084531
34.03	0.084904
34.04	0.084904
34.05	0.085277
34.06	0.085277
34.07	0.085464
34.08	0.085837
34.09	0.085837
34.1	0.085837
34.11	0.085837
34.12	0.086024
34.13	0.086583
34.14	0.086583
34.15	0.08677
34.16	0.08677
34.17	0.087143
34.18	0.087516
34.19	0.087516
34.2	0.087516
34.21	0.087703
34.22	0.08789
34.23	0.088076
34.24	0.088449
34.25	0.088636
34.26	0.089009
34.27	0.089009
34.28	0.089196
34.29	0.089196
34.3	0.089382
34.31	0.089382
34.32	0.089569
34.33	0.089942
34.34	0.090502
34.35	0.090502
34.36	0.090502
34.37	0.091062
34.38	0.091062
34.39	0.091622
34.4	0.091622
34.41	0.091808
34.42	0.092181
34.43	0.092368
34.44	0.092368
34.45	0.092368
34.46	0.092741
34.47	0.092928
34.48	0.092928
34.49	0.093114
34.5	0.093301
34.51	0.093674
34.52	0.093674
34.53	0.093674
34.54	0.093674
34.55	0.093674
34.56	0.094234
34.57	0.094234
34.58	0.094421
34.59	0.094421
34.6	0.094794
34.61	0.094794
34.62	0.09498
34.63	0.095167
34.64	0.095354
34.65	0.095354
34.66	0.095354
34.67	0.09554
34.68	0.095727
34.69	0.095913
34.7	0.095913
34.71	0.0961
34.72	0.0961
34.73	0.0961
34.74	0.096287
34.75	0.096473
34.76	0.096473
34.77	0.096846
34.78	0.097033
34.79	0.097033
34.8	0.09722
34.81	0.09722
34.82	0.097406
34.83	0.097406
34.84	0.097593
34.85	0.097966
34.86	0.097966
34.87	0.097966
34.88	0.098153
34.89	0.098153
34.9	0.098339
34.91	0.098712
34.92	0.099086
34.93	0.099086
34.94	0.099272
34.95	0.099459
34.96	0.099645
34.97	0.10002
34.98	0.10021
34.99	0.10039
35	0.10058
35.01	0.10058
35.02	0.10058
35.03	0.10095
35.04	0.10151
35.05	0.1017
35.06	0.10188
35.07	0.10188
35.08	0.10207
35.09	0.10226
35.1	0.10244
35.11	0.10244
35.12	0.10244
35.13	0.10244
35.14	0.10244
35.15	0.10263
35.16	0.10282
35.17	0.10282
35.18	0.10282
35.19	0.10356
35.2	0.10375
35.21	0.10394
35.22	0.10412
35.23	0.10412
35.24	0.10412
35.25	0.1045
35.26	0.1045
35.27	0.1045
35.28	0.10506
35.29	0.10506
35.3	0.10506
35.31	0.10524
35.32	0.10524
35.33	0.10524
35.34	0.1058
35.35	0.1058
35.36	0.10599
35.37	0.10599
35.38	0.10618
35.39	0.10618
35.4	0.10655
35.41	0.10655
35.42	0.10674
35.43	0.10674
35.44	0.10711
35.45	0.1073
35.46	0.10767
35.47	0.10767
35.48	0.10786
35.49	0.10804
35.5	0.10804
35.51	0.10804
35.52	0.10823
35.53	0.10823
35.54	0.10842
35.55	0.1086
35.56	0.10879
35.57	0.10879
35.58	0.10898
35.59	0.10935
35.6	0.10954
35.61	0.10954
35.62	0.10972
35.63	0.1101
35.64	0.11028
35.65	0.11047
35.66	0.11047
35.67	0.11047
35.68	0.11047
35.69	0.11047
35.7	0.11047
35.71	0.11103
35.72	0.1114
35.73	0.11159
35.74	0.11177
35.75	0.11177
35.76	0.11215
35.77	0.11215
35.78	0.11233
35.79	0.11233
35.8	0.11233
35.81	0.11233
35.82	0.11289
35.83	0.11289
35.84	0.11289
35.85	0.11289
35.86	0.11308
35.87	0.11308
35.88	0.11327
35.89	0.11345
35.9	0.11364
35.91	0.11383
35.92	0.11439
35.93	0.11439
35.94	0.11457
35.95	0.11495
35.96	0.11513
35.97	0.11532
35.98	0.11532
35.99	0.11569
36	0.11569
36.01	0.11569
36.02	0.11588
36.03	0.11607
36.04	0.11607
36.05	0.11644
36.06	0.11663
36.07	0.11681
36.08	0.117
36.09	0.117
36.1	0.11719
36.11	0.11719
36.12	0.11719
36.13	0.11719
36.14	0.11719
36.15	0.11719
36.16	0.11737
36.17	0.11737
36.18	0.11756
36.19	0.11775
36.2	0.11793
36.21	0.11793
36.22	0.11831
36.23	0.11831
36.24	0.11831
36.25	0.11849
36.26	0.11887
36.27	0.11924
36.28	0.11943
36.29	0.11943
36.3	0.12017
36.31	0.12054
36.32	0.12073
36.33	0.12092
36.34	0.12092
36.35	0.1211
36.36	0.12148
36.37	0.12148
36.38	0.12222
36.39	0.12222
36.4	0.12241
36.41	0.12241
36.42	0.12241
36.43	0.12241
36.44	0.1226
36.45	0.1226
36.46	0.12278
36.47	0.12316
36.48	0.12334
36.49	0.12334
36.5	0.12409
36.51	0.12428
36.52	0.12465
36.53	0.12484
36.54	0.12484
36.55	0.12502
36.56	0.12502
36.57	0.12502
36.58	0.12521
36.59	0.1254
36.6	0.1254
36.61	0.12577
36.62	0.12577
36.63	0.12596
36.64	0.12633
36.65	0.12633
36.66	0.12652
36.67	0.12708
36.68	0.12708
36.69	0.12708
36.7	0.12708
36.71	0.12726
36.72	0.12764
36.73	0.12801
36.74	0.12838
36.75	0.12838
36.76	0.12838
36.77	0.12876
36.78	0.12894
36.79	0.12913
36.8	0.12932
36.81	0.12932
36.82	0.1295
36.83	0.1295
36.84	0.1295
36.85	0.1295
36.86	0.12969
36.87	0.12987
36.88	0.13006
36.89	0.13025
36.9	0.13043
36.91	0.13043
36.92	0.13081
36.93	0.13081
36.94	0.13081
36.95	0.13081
36.96	0.13081
36.97	0.13099
36.98	0.13118
36.99	0.13118
37	0.13118
37.01	0.13137
37.02	0.13137
37.03	0.13137
37.04	0.13137
37.05	0.13155
37.06	0.13193
37.07	0.13211
37.08	0.13211
37.09	0.1323
37.1	0.13286
37.11	0.13286
37.12	0.13286
37.13	0.13286
37.14	0.13286
37.15	0.13305
37.16	0.13342
37.17	0.13342
37.18	0.13361
37.19	0.13361
37.2	0.13361
37.21	0.13379
37.22	0.13417
37.23	0.13435
37.24	0.13435
37.25	0.13454
37.26	0.13454
37.27	0.13491
37.28	0.13547
37.29	0.13547
37.3	0.13585
37.31	0.13603
37.32	0.13622
37.33	0.13678
37.34	0.13697
37.35	0.13715
37.36	0.13753
37.37	0.1379
37.38	0.1379
37.39	0.13809
37.4	0.13827
37.41	0.13883
37.42	0.13921
37.43	0.13939
37.44	0.13939
37.45	0.13939
37.46	0.13939
37.47	0.13939
37.48	0.13958
37.49	0.13958
37.5	0.13995
37.51	0.14014
37.52	0.14051
37.53	0.1407
37.54	0.14088
37.55	0.14126
37.56	0.14126
37.57	0.14144
37.58	0.14163
37.59	0.14182
37.6	0.142
37.61	0.14219
37.62	0.14219
37.63	0.14238
37.64	0.14238
37.65	0.14238
37.66	0.14275
37.67	0.14275
37.68	0.14275
37.69	0.14294
37.7	0.14294
37.71	0.14294
37.72	0.14294
37.73	0.14312
37.74	0.14331
37.75	0.14331
37.76	0.1435
37.77	0.1435
37.78	0.1435
37.79	0.1435
37.8	0.14387
37.81	0.14387
37.82	0.14387
37.83	0.14387
37.84	0.14424
37.85	0.14443
37.86	0.14443
37.87	0.14443
37.88	0.1448
37.89	0.1448
37.9	0.14499
37.91	0.14499
37.92	0.14536
37.93	0.14555
37.94	0.14574
37.95	0.14574
37.96	0.14574
37.97	0.14611
37.98	0.14667
37.99	0.14667
38	0.14686
38.01	0.14704
38.02	0.14704
38.03	0.14723
38.04	0.14742
38.05	0.1476
38.06	0.14779
38.07	0.14798
38.08	0.14816
38.09	0.14854
38.1	0.14891
38.11	0.14909
38.12	0.14909
38.13	0.14928
38.14	0.14928
38.15	0.14947
38.16	0.14947
38.17	0.14947
38.18	0.14947
38.19	0.14984
38.2	0.14984
38.21	0.15021
38.22	0.15021
38.23	0.1504
38.24	0.15059
38.25	0.15077
38.26	0.15077
38.27	0.15096
38.28	0.15133
38.29	0.15152
38.3	0.15152
38.31	0.15152
38.32	0.15171
38.33	0.15171
38.34	0.15189
38.35	0.15189
38.36	0.15189
38.37	0.15208
38.38	0.15245
38.39	0.15301
38.4	0.1532
38.41	0.15339
38.42	0.15339
38.43	0.15339
38.44	0.15376
38.45	0.15395
38.46	0.15413
38.47	0.15451
38.48	0.15469
38.49	0.15469
38.5	0.15488
38.51	0.15507
38.52	0.15525
38.53	0.15525
38.54	0.15525
38.55	0.15525
38.56	0.15525
38.57	0.15525
38.58	0.15544
38.59	0.15544
38.6	0.15563
38.61	0.15581
38.62	0.15581
38.63	0.15581
38.64	0.156
38.65	0.156
38.66	0.15619
38.67	0.15656
38.68	0.15656
38.69	0.15675
38.7	0.15675
38.71	0.15675
38.72	0.15693
38.73	0.15712
38.74	0.15768
38.75	0.15768
38.76	0.15768
38.77	0.15843
38.78	0.15843
38.79	0.15861
38.8	0.15861
38.81	0.15917
38.82	0.15917
38.83	0.15954
38.84	0.15954
38.85	0.15954
38.86	0.15954
38.87	0.15973
38.88	0.15973
38.89	0.15992
38.9	0.16029
38.91	0.16048
38.92	0.16066
38.93	0.16104
38.94	0.16141
38.95	0.1616
38.96	0.16178
38.97	0.16197
38.98	0.16234
38.99	0.16234
39	0.16253
39.01	0.16253
39.02	0.16253
39.03	0.1629
39.04	0.16328
39.05	0.16328
39.06	0.16328
39.07	0.16328
39.08	0.16346
39.09	0.16384
39.1	0.16402
39.11	0.16421
39.12	0.16421
39.13	0.16496
39.14	0.16496
39.15	0.16514
39.16	0.16514
39.17	0.16514
39.18	0.16552
39.19	0.16552
39.2	0.16552
39.21	0.16552
39.22	0.16552
39.23	0.1657
39.24	0.1657
39.25	0.16589
39.26	0.16589
39.27	0.16589
39.28	0.16608
39.29	0.16608
39.3	0.16608
39.31	0.16626
39.32	0.16626
39.33	0.16645
39.34	0.16682
39.35	0.16682
39.36	0.16682
39.37	0.16701
39.38	0.16701
39.39	0.1672
39.4	0.16757
39.41	0.16776
39.42	0.16794
39.43	0.16794
39.44	0.16831
39.45	0.1685
39.46	0.16887
39.47	0.16887
39.48	0.16925
39.49	0.16981
39.5	0.16999
39.51	0.17037
39.52	0.17037
39.53	0.17055
39.54	0.17055
39.55	0.17074
39.56	0.17111
39.57	0.1713
39.58	0.17149
39.59	0.17167
39.6	0.17223
39.61	0.17242
39.62	0.17242
39.63	0.17279
39.64	0.17279
39.65	0.17279
39.66	0.17279
39.67	0.17279
39.68	0.17279
39.69	0.17298
39.7	0.17317
39.71	0.17335
39.72	0.17335
39.73	0.17335
39.74	0.17354
39.75	0.17373
39.76	0.17373
39.77	0.17391
39.78	0.17429
39.79	0.17429
39.8	0.17466
39.81	0.17466
39.82	0.17466
39.83	0.17466
39.84	0.17485
39.85	0.17522
39.86	0.17541
39.87	0.17541
39.88	0.17559
39.89	0.17578
39.9	0.17597
39.91	0.17597
39.92	0.17615
39.93	0.17615
39.94	0.17615
39.95	0.17634
39.96	0.17634
39.97	0.17653
39.98	0.17671
39.99	0.17709
40	0.17709
40.01	0.17727
40.02	0.17727
40.03	0.17746
40.04	0.17765
40.05	0.17765
40.06	0.17839
40.07	0.17839
40.08	0.17858
40.09	0.17858
40.1	0.17876
40.11	0.17876
40.12	0.17895
40.13	0.17895
40.14	0.17895
40.15	0.17895
40.16	0.17932
40.17	0.17932
40.18	0.17951
40.19	0.17988
40.2	0.18026
40.21	0.18044
40.22	0.18044
40.23	0.18063
40.24	0.18119
40.25	0.18119
40.26	0.18119
40.27	0.18138
40.28	0.18156
40.29	0.18156
40.3	0.18212
40.31	0.18231
40.32	0.18231
40.33	0.1825
40.34	0.1825
40.35	0.18287
40.36	0.18287
40.37	0.18306
40.38	0.18343
40.39	0.18362
40.4	0.18362
40.41	0.18362
40.42	0.1838
40.43	0.18418
40.44	0.18418
40.45	0.18436
40.46	0.18474
40.47	0.1853
40.48	0.1853
40.49	0.18548
40.5	0.18567
40.51	0.18567
40.52	0.18567
40.53	0.18567
40.54	0.18586
40.55	0.18604
40.56	0.18604
40.57	0.18604
40.58	0.18623
40.59	0.18623
40.6	0.18642
40.61	0.18642
40.62	0.1866
40.63	0.18679
40.64	0.18698
40.65	0.18716
40.66	0.18735
40.67	0.18735
40.68	0.18735
40.69	0.18735
40.7	0.18753
40.71	0.18772
40.72	0.18828
40.73	0.18865
40.74	0.18865
40.75	0.18865
40.76	0.18903
40.77	0.18921
40.78	0.1894
40.79	0.1894
40.8	0.1894
40.81	0.18959
40.82	0.18977
40.83	0.18977
40.84	0.18977
40.85	0.19015
40.86	0.19015
40.87	0.19015
40.88	0.19015
40.89	0.19015
40.9	0.19052
40.91	0.19052
40.92	0.19052
40.93	0.19071
40.94	0.19108
40.95	0.19108
40.96	0.19127
40.97	0.19145
40.98	0.19145
40.99	0.19145
41	0.19164
41.01	0.19201
41.02	0.19239
41.03	0.19295
41.04	0.19295
41.05	0.19313
41.06	0.19313
41.07	0.19332
41.08	0.19332
41.09	0.19332
41.1	0.19407
41.11	0.19425
41.12	0.19444
41.13	0.19463
41.14	0.19463
41.15	0.19463
41.16	0.19463
41.17	0.19481
41.18	0.19519
41.19	0.19537
41.2	0.19537
41.21	0.19556
41.22	0.19575
41.23	0.19575
41.24	0.19575
41.25	0.19593
41.26	0.19612
41.27	0.19612
41.28	0.19612
41.29	0.19631
41.3	0.19631
41.31	0.19649
41.32	0.19649
41.33	0.19649
41.34	0.19668
41.35	0.19668
41.36	0.19668
41.37	0.19668
41.38	0.19687
41.39	0.19724
41.4	0.19742
41.41	0.19742
41.42	0.19742
41.43	0.1978
41.44	0.19817
41.45	0.19817
41.46	0.19836
41.47	0.19836
41.48	0.19836
41.49	0.19836
41.5	0.19854
41.51	0.19854
41.52	0.19873
41.53	0.19892
41.54	0.19892
41.55	0.19892
41.56	0.19892
41.57	0.1991
41.58	0.1991
41.59	0.1991
41.6	0.1991
41.61	0.19929
41.62	0.19929
41.63	0.19948
41.64	0.19966
41.65	0.19966
41.66	0.19966
41.67	0.19985
41.68	0.20004
41.69	0.20022
41.7	0.20022
41.71	0.2006
41.72	0.20078
41.73	0.20097
41.74	0.20097
41.75	0.20134
41.76	0.20153
41.77	0.20153
41.78	0.20153
41.79	0.20172
41.8	0.2019
41.81	0.20209
41.82	0.20209
41.83	0.20209
41.84	0.20228
41.85	0.20228
41.86	0.20228
41.87	0.20246
41.88	0.20246
41.89	0.20265
41.9	0.20321
41.91	0.20358
41.92	0.20358
41.93	0.20358
41.94	0.20358
41.95	0.20377
41.96	0.20414
41.97	0.20433
41.98	0.20452
41.99	0.20452
42	0.20489
42.01	0.20508
42.02	0.20564
42.03	0.20601
42.04	0.20601
42.05	0.20638
42.06	0.20675
42.07	0.20675
42.08	0.20675
42.09	0.20694
42.1	0.20713
42.11	0.2075
42.12	0.20769
42.13	0.20769
42.14	0.20806
42.15	0.20806
42.16	0.20806
42.17	0.20825
42.18	0.20825
42.19	0.20843
42.2	0.20843
42.21	0.20843
42.22	0.20843
42.23	0.20862
42.24	0.20862
42.25	0.20862
42.26	0.20881
42.27	0.20881
42.28	0.20881
42.29	0.20918
42.3	0.20937
42.31	0.20937
42.32	0.20974
42.33	0.20974
42.34	0.20974
42.35	0.21011
42.36	0.21011
42.37	0.21011
42.38	0.2103
42.39	0.21067
42.4	0.21086
42.41	0.21086
42.42	0.21105
42.43	0.21123
42.44	0.21123
42.45	0.21142
42.46	0.21161
42.47	0.21179
42.48	0.21179
42.49	0.21235
42.5	0.21235
42.51	0.21254
42.52	0.21273
42.53	0.21273
42.54	0.21291
42.55	0.2131
42.56	0.21329
42.57	0.21366
42.58	0.21385
42.59	0.21385
42.6	0.21403
42.61	0.21403
42.62	0.21403
42.63	0.21422
42.64	0.21441
42.65	0.21459
42.66	0.21459
42.67	0.21497
42.68	0.21497
42.69	0.21515
42.7	0.21515
42.71	0.21534
42.72	0.21534
42.73	0.21534
42.74	0.21534
42.75	0.21534
42.76	0.21553
42.77	0.21571
42.78	0.2159
42.79	0.21609
42.8	0.21646
42.81	0.21646
42.82	0.21683
42.83	0.21683
42.84	0.21702
42.85	0.21702
42.86	0.21702
42.87	0.2172
42.88	0.2172
42.89	0.21776
42.9	0.21776
42.91	0.21776
42.92	0.21776
42.93	0.21795
42.94	0.21814
42.95	0.21814
42.96	0.21832
42.97	0.21851
42.98	0.2187
42.99	0.21907
43	0.21926
43.01	0.21944
43.02	0.21963
43.03	0.21963
43.04	0.21963
43.05	0.22
43.06	0.22
43.07	0.22
43.08	0.22019
43.09	0.22038
43.1	0.22038
43.11	0.22038
43.12	0.22038
43.13	0.22038
43.14	0.22056
43.15	0.22075
43.16	0.22075
43.17	0.22075
43.18	0.22075
43.19	0.22075
43.2	0.22075
43.21	0.22112
43.22	0.22112
43.23	0.22131
43.24	0.22131
43.25	0.22131
43.26	0.22131
43.27	0.22168
43.28	0.22168
43.29	0.22168
43.3	0.22206
43.31	0.22206
43.32	0.22243
43.33	0.22243
43.34	0.22262
43.35	0.2228
43.36	0.22299
43.37	0.22318
43.38	0.22336
43.39	0.22392
43.4	0.22392
43.41	0.22411
43.42	0.2243
43.43	0.2243
43.44	0.22486
43.45	0.22486
43.46	0.22486
43.47	0.22504
43.48	0.22523
43.49	0.22523
43.5	0.22542
43.51	0.22542
43.52	0.22542
43.53	0.22542
43.54	0.2256
43.55	0.2256
43.56	0.2256
43.57	0.2256
43.58	0.2256
43.59	0.2256
43.6	0.2256
43.61	0.22579
43.62	0.22579
43.63	0.22597
43.64	0.22616
43.65	0.22616
43.66	0.22635
43.67	0.22653
43.68	0.22709
43.69	0.22728
43.7	0.22728
43.71	0.22803
43.72	0.22821
43.73	0.22859
43.74	0.22859
43.75	0.22859
43.76	0.22877
43.77	0.22877
43.78	0.22896
43.79	0.22896
43.8	0.22915
43.81	0.22933
43.82	0.22933
43.83	0.22989
43.84	0.22989
43.85	0.22989
43.86	0.23008
43.87	0.23008
43.88	0.23008
43.89	0.23008
43.9	0.23008
43.91	0.23008
43.92	0.23008
43.93	0.23027
43.94	0.23027
43.95	0.23027
43.96	0.23045
43.97	0.23064
43.98	0.23064
43.99	0.23083
44	0.23083
44.01	0.23101
44.02	0.23101
44.03	0.23157
44.04	0.23195
44.05	0.23232
44.06	0.23232
44.07	0.23232
44.08	0.23232
44.09	0.23251
44.1	0.23251
44.11	0.23251
44.12	0.23251
44.13	0.23288
44.14	0.23307
44.15	0.23325
44.16	0.23325
44.17	0.23325
44.18	0.23344
44.19	0.23363
44.2	0.234
44.21	0.23419
44.22	0.23456
44.23	0.23456
44.24	0.23493
44.25	0.23493
44.26	0.23493
44.27	0.23493
44.28	0.23531
44.29	0.23549
44.3	0.23568
44.31	0.23568
44.32	0.23568
44.33	0.23586
44.34	0.23605
44.35	0.23624
44.36	0.23661
44.37	0.23661
44.38	0.23661
44.39	0.23661
44.4	0.23698
44.41	0.23717
44.42	0.23736
44.43	0.23736
44.44	0.23736
44.45	0.23736
44.46	0.23754
44.47	0.23754
44.48	0.23754
44.49	0.23754
44.5	0.23773
44.51	0.23792
44.52	0.23792
44.53	0.23792
44.54	0.2381
44.55	0.2381
44.56	0.2381
44.57	0.23829
44.58	0.23829
44.59	0.23829
44.6	0.23829
44.61	0.23848
44.62	0.23866
44.63	0.23885
44.64	0.23904
44.65	0.23922
44.66	0.23941
44.67	0.23978
44.68	0.23997
44.69	0.23997
44.7	0.23997
44.71	0.24053
44.72	0.24072
44.73	0.24072
44.74	0.2409
44.75	0.2409
44.76	0.2409
44.77	0.24146
44.78	0.24165
44.79	0.24165
44.8	0.24184
44.81	0.24202
44.82	0.24202
44.83	0.24221
44.84	0.24221
44.85	0.24221
44.86	0.24258
44.87	0.24258
44.88	0.24277
44.89	0.24296
44.9	0.24352
44.91	0.24352
44.92	0.2437
44.93	0.2437
44.94	0.24389
44.95	0.24426
44.96	0.24426
44.97	0.24445
44.98	0.24464
44.99	0.24464
45	0.24464
45.01	0.24482
45.02	0.24482
45.03	0.24501
45.04	0.24501
45.05	0.24501
45.06	0.24519
45.07	0.24519
45.08	0.24538
45.09	0.24538
45.1	0.24575
45.11	0.24575
45.12	0.24594
45.13	0.24594
45.14	0.24594
45.15	0.24594
45.16	0.24594
45.17	0.24594
45.18	0.24594
45.19	0.24613
45.2	0.24613
45.21	0.24613
45.22	0.24631
45.23	0.24631
45.24	0.24631
45.25	0.24669
45.26	0.24669
45.27	0.24725
45.28	0.24743
45.29	0.24743
45.3	0.24743
45.31	0.24743
45.32	0.24743
45.33	0.24743
45.34	0.24762
45.35	0.24762
45.36	0.24781
45.37	0.24781
45.38	0.24799
45.39	0.24799
45.4	0.24818
45.41	0.24818
45.42	0.24874
45.43	0.24874
45.44	0.24949
45.45	0.24949
45.46	0.24967
45.47	0.24967
45.48	0.24967
45.49	0.24986
45.5	0.25023
45.51	0.25042
45.52	0.25061
45.53	0.25061
45.54	0.25061
45.55	0.25117
45.56	0.25135
45.57	0.25154
45.58	0.25191
45.59	0.25191
45.6	0.25191
45.61	0.25191
45.62	0.25229
45.63	0.25247
45.64	0.25247
45.65	0.25247
45.66	0.25247
45.67	0.25247
45.68	0.25266
45.69	0.25303
45.7	0.25303
45.71	0.25303
45.72	0.25303
45.73	0.25322
45.74	0.25359
45.75	0.25359
45.76	0.25359
45.77	0.25359
45.78	0.25359
45.79	0.25359
45.8	0.25359
45.81	0.25378
45.82	0.25378
45.83	0.25378
45.84	0.25397
45.85	0.25434
45.86	0.25453
45.87	0.25471
45.88	0.2549
45.89	0.25508
45.9	0.25527
45.91	0.25527
45.92	0.25546
45.93	0.25564
45.94	0.25564
45.95	0.25564
45.96	0.25564
45.97	0.25564
45.98	0.25564
45.99	0.25564
46	0.25602
46.01	0.2562
46.02	0.2562
46.03	0.2562
46.04	0.25639
46.05	0.25639
46.06	0.25658
46.07	0.25676
46.08	0.25676
46.09	0.25714
46.1	0.25714
46.11	0.25714
46.12	0.25732
46.13	0.25732
46.14	0.25751
46.15	0.25751
46.16	0.2577
46.17	0.2577
46.18	0.25788
46.19	0.25788
46.2	0.25807
46.21	0.25807
46.22	0.25807
46.23	0.25826
46.24	0.25826
46.25	0.25844
46.26	0.25863
46.27	0.25863
46.28	0.25863
46.29	0.25882
46.3	0.259
46.31	0.25919
46.32	0.25919
46.33	0.25919
46.34	0.25938
46.35	0.25956
46.36	0.25956
46.37	0.25975
46.38	0.25994
46.39	0.26012
46.4	0.26031
46.41	0.2605
46.42	0.26068
46.43	0.26106
46.44	0.26106
46.45	0.26106
46.46	0.26106
46.47	0.26143
46.48	0.26143
46.49	0.26143
46.5	0.26143
46.51	0.26143
46.52	0.2618
46.53	0.2618
46.54	0.2618
46.55	0.2618
46.56	0.2618
46.57	0.2618
46.58	0.26218
46.59	0.26218
46.6	0.26218
46.61	0.26218
46.62	0.26236
46.63	0.26236
46.64	0.26236
46.65	0.26236
46.66	0.26236
46.67	0.26236
46.68	0.26236
46.69	0.26236
46.7	0.26236
46.71	0.26255
46.72	0.26274
46.73	0.26274
46.74	0.26292
46.75	0.26292
46.76	0.26311
46.77	0.2633
46.78	0.26348
46.79	0.26348
46.8	0.26348
46.81	0.26348
46.82	0.26367
46.83	0.26367
46.84	0.26386
46.85	0.26404
46.86	0.26423
46.87	0.26442
46.88	0.26442
46.89	0.26442
46.9	0.26442
46.91	0.26497
46.92	0.26497
46.93	0.26497
46.94	0.26516
46.95	0.26535
46.96	0.26572
46.97	0.26572
46.98	0.26591
46.99	0.26609
47	0.26609
47.01	0.26609
47.02	0.26609
47.03	0.26628
47.04	0.26628
47.05	0.26628
47.06	0.26665
47.07	0.26684
47.08	0.26703
47.09	0.26703
47.1	0.26721
47.11	0.26721
47.12	0.26721
47.13	0.26721
47.14	0.26759
47.15	0.26759
47.16	0.26777
47.17	0.26796
47.18	0.26796
47.19	0.26815
47.2	0.26833
47.21	0.26852
47.22	0.26852
47.23	0.26852
47.24	0.26871
47.25	0.26871
47.26	0.26889
47.27	0.26927
47.28	0.26927
47.29	0.26945
47.3	0.26945
47.31	0.26945
47.32	0.26964
47.33	0.26964
47.34	0.26983
47.35	0.26983
47.36	0.27001
47.37	0.27001
47.38	0.27001
47.39	0.27001
47.4	0.27001
47.41	0.2702
47.42	0.2702
47.43	0.2702
47.44	0.2702
47.45	0.27039
47.46	0.27039
47.47	0.27039
47.48	0.27076
47.49	0.27095
47.5	0.27095
47.51	0.27132
47.52	0.27132
47.53	0.27132
47.54	0.27132
47.55	0.27169
47.56	0.27169
47.57	0.27188
47.58	0.27207
47.59	0.27207
47.6	0.27207
47.61	0.27207
47.62	0.27207
47.63	0.27225
47.64	0.27244
47.65	0.27244
47.66	0.27263
47.67	0.27281
47.68	0.273
47.69	0.27319
47.7	0.27337
47.71	0.27337
47.72	0.27375
47.73	0.27375
47.74	0.27412
47.75	0.27412
47.76	0.2743
47.77	0.2743
47.78	0.2743
47.79	0.27468
47.8	0.27486
47.81	0.27505
47.82	0.27505
47.83	0.27505
47.84	0.27505
47.85	0.27505
47.86	0.27524
47.87	0.27542
47.88	0.27542
47.89	0.27542
47.9	0.27561
47.91	0.2758
47.92	0.27598
47.93	0.27617
47.94	0.27617
47.95	0.27636
47.96	0.27692
47.97	0.2771
47.98	0.2771
47.99	0.27729
48	0.27748
48.01	0.27748
48.02	0.27748
48.03	0.27748
48.04	0.27748
48.05	0.27748
48.06	0.27748
48.07	0.27748
48.08	0.27748
48.09	0.27748
48.1	0.27748
48.11	0.27766
48.12	0.27766
48.13	0.27766
48.14	0.27766
48.15	0.27785
48.16	0.27804
48.17	0.27804
48.18	0.27804
48.19	0.27804
48.2	0.27841
48.21	0.27841
48.22	0.2786
48.23	0.2786
48.24	0.2786
48.25	0.27897
48.26	0.27897
48.27	0.27916
48.28	0.27916
48.29	0.27916
48.3	0.27916
48.31	0.27916
48.32	0.27916
48.33	0.27934
48.34	0.27972
48.35	0.27972
48.36	0.2799
48.37	0.28009
48.38	0.28046
48.39	0.28046
48.4	0.28065
48.41	0.28084
48.42	0.28084
48.43	0.28084
48.44	0.28084
48.45	0.28121
48.46	0.28121
48.47	0.28158
48.48	0.28196
48.49	0.28196
48.5	0.28196
48.51	0.28196
48.52	0.28233
48.53	0.28233
48.54	0.28233
48.55	0.28233
48.56	0.28233
48.57	0.28233
48.58	0.28233
48.59	0.28252
48.6	0.28252
48.61	0.28252
48.62	0.28252
48.63	0.28308
48.64	0.28364
48.65	0.28364
48.66	0.28364
48.67	0.28364
48.68	0.28364
48.69	0.28382
48.7	0.28382
