0	0.0001866
0.01	0.0001866
0.02	0.0001866
0.03	0.0001866
0.04	0.0001866
0.05	0.0001866
0.06	0.0001866
0.07	0.0001866
0.08	0.0001866
0.09	0.0001866
0.1	0.0001866
0.11	0.0001866
0.12	0.0001866
0.13	0.0001866
0.14	0.0001866
0.15	0.0001866
0.16	0.0001866
0.17	0.0001866
0.18	0.0001866
0.19	0.0001866
0.2	0.0001866
0.21	0.0001866
0.22	0.0001866
0.23	0.0001866
0.24	0.0001866
0.25	0.0001866
0.26	0.0001866
0.27	0.0001866
0.28	0.0001866
0.29	0.0001866
0.3	0.0001866
0.31	0.0001866
0.32	0.0001866
0.33	0.0001866
0.34	0.0001866
0.35	0.0001866
0.36	0.0001866
0.37	0.0001866
0.38	0.0001866
0.39	0.0001866
0.4	0.0001866
0.41	0.0001866
0.42	0.0001866
0.43	0.0001866
0.44	0.0001866
0.45	0.0001866
0.46	0.0001866
0.47	0.0001866
0.48	0.0001866
0.49	0.0001866
0.5	0.0001866
0.51	0.0001866
0.52	0.0001866
0.53	0.0001866
0.54	0.0001866
0.55	0.0001866
0.56	0.0001866
0.57	0.0001866
0.58	0.0001866
0.59	0.0001866
0.6	0.0001866
0.61	0.0001866
0.62	0.0001866
0.63	0.0001866
0.64	0.0001866
0.65	0.0001866
0.66	0.0001866
0.67	0.0001866
0.68	0.0001866
0.69	0.0001866
0.7	0.0001866
0.71	0.0001866
0.72	0.0001866
0.73	0.0001866
0.74	0.0001866
0.75	0.0001866
0.76	0.0001866
0.77	0.0001866
0.78	0.0001866
0.79	0.0001866
0.8	0.0001866
0.81	0.0001866
0.82	0.0001866
0.83	0.0001866
0.84	0.0001866
0.85	0.0001866
0.86	0.0001866
0.87	0.0001866
0.88	0.0001866
0.89	0.0001866
0.9	0.0001866
0.91	0.0001866
0.92	0.0001866
0.93	0.0001866
0.94	0.0001866
0.95	0.0001866
0.96	0.0001866
0.97	0.0001866
0.98	0.0001866
0.99	0.0001866
1	0.0001866
1.01	0.0001866
1.02	0.0001866
1.03	0.0001866
1.04	0.0001866
1.05	0.0001866
1.06	0.0001866
1.07	0.0001866
1.08	0.0001866
1.09	0.0001866
1.1	0.0001866
1.11	0.0001866
1.12	0.0001866
1.13	0.0001866
1.14	0.0001866
1.15	0.0001866
1.16	0.0001866
1.17	0.0001866
1.18	0.0001866
1.19	0.0001866
1.2	0.0001866
1.21	0.0001866
1.22	0.0001866
1.23	0.0001866
1.24	0.0001866
1.25	0.0001866
1.26	0.0001866
1.27	0.0001866
1.28	0.0001866
1.29	0.0001866
1.3	0.0001866
1.31	0.0001866
1.32	0.0001866
1.33	0.0001866
1.34	0.0001866
1.35	0.0001866
1.36	0.0001866
1.37	0.0001866
1.38	0.0001866
1.39	0.0001866
1.4	0.0001866
1.41	0.0001866
1.42	0.0001866
1.43	0.0001866
1.44	0.0001866
1.45	0.0001866
1.46	0.0001866
1.47	0.0001866
1.48	0.0001866
1.49	0.0001866
1.5	0.0001866
1.51	0.0001866
1.52	0.0001866
1.53	0.0001866
1.54	0.0001866
1.55	0.0001866
1.56	0.0001866
1.57	0.0001866
1.58	0.0001866
1.59	0.0001866
1.6	0.0001866
1.61	0.0001866
1.62	0.0001866
1.63	0.0001866
1.64	0.0001866
1.65	0.0001866
1.66	0.0001866
1.67	0.0001866
1.68	0.0001866
1.69	0.0001866
1.7	0.0001866
1.71	0.0001866
1.72	0.0001866
1.73	0.0001866
1.74	0.0001866
1.75	0.0001866
1.76	0.0001866
1.77	0.0001866
1.78	0.0001866
1.79	0.0001866
1.8	0.0001866
1.81	0.0001866
1.82	0.0001866
1.83	0.0001866
1.84	0.0001866
1.85	0.0001866
1.86	0.0001866
1.87	0.0001866
1.88	0.0001866
1.89	0.0001866
1.9	0.0001866
1.91	0.0001866
1.92	0.0001866
1.93	0.0001866
1.94	0.0001866
1.95	0.0001866
1.96	0.0001866
1.97	0.0001866
1.98	0.0001866
1.99	0.0001866
2	0.0001866
2.01	0.0001866
2.02	0.0001866
2.03	0.0001866
2.04	0.0001866
2.05	0.0001866
2.06	0.0001866
2.07	0.0001866
2.08	0.0001866
2.09	0.0001866
2.1	0.0001866
2.11	0.0001866
2.12	0.0001866
2.13	0.0001866
2.14	0.0001866
2.15	0.0001866
2.16	0.0001866
2.17	0.0001866
2.18	0.0001866
2.19	0.0001866
2.2	0.0001866
2.21	0.0001866
2.22	0.0001866
2.23	0.0001866
2.24	0.0001866
2.25	0.0001866
2.26	0.0001866
2.27	0.0001866
2.28	0.0001866
2.29	0.0001866
2.3	0.0001866
2.31	0.0001866
2.32	0.0001866
2.33	0.0001866
2.34	0.0001866
2.35	0.0001866
2.36	0.0001866
2.37	0.0001866
2.38	0.0001866
2.39	0.0001866
2.4	0.0001866
2.41	0.0001866
2.42	0.0001866
2.43	0.0001866
2.44	0.0001866
2.45	0.0001866
2.46	0.0001866
2.47	0.0001866
2.48	0.0001866
2.49	0.0001866
2.5	0.0001866
2.51	0.0001866
2.52	0.0001866
2.53	0.0001866
2.54	0.0001866
2.55	0.0001866
2.56	0.0001866
2.57	0.0001866
2.58	0.0001866
2.59	0.0001866
2.6	0.0001866
2.61	0.0001866
2.62	0.0001866
2.63	0.0001866
2.64	0.0001866
2.65	0.0001866
2.66	0.0001866
2.67	0.0001866
2.68	0.0001866
2.69	0.0001866
2.7	0.0001866
2.71	0.0001866
2.72	0.0001866
2.73	0.0001866
2.74	0.0001866
2.75	0.0001866
2.76	0.0001866
2.77	0.0001866
2.78	0.0001866
2.79	0.0001866
2.8	0.0001866
2.81	0.0001866
2.82	0.0001866
2.83	0.0001866
2.84	0.0001866
2.85	0.0001866
2.86	0.0001866
2.87	0.0001866
2.88	0.0001866
2.89	0.0001866
2.9	0.0001866
2.91	0.0001866
2.92	0.0001866
2.93	0.0001866
2.94	0.0001866
2.95	0.0001866
2.96	0.0001866
2.97	0.0001866
2.98	0.0001866
2.99	0.0001866
3	0.0001866
3.01	0.0001866
3.02	0.0001866
3.03	0.0001866
3.04	0.0001866
3.05	0.0001866
3.06	0.0001866
3.07	0.0001866
3.08	0.0001866
3.09	0.0001866
3.1	0.0001866
3.11	0.0001866
3.12	0.0001866
3.13	0.0001866
3.14	0.0001866
3.15	0.0001866
3.16	0.0001866
3.17	0.0001866
3.18	0.0001866
3.19	0.0001866
3.2	0.0001866
3.21	0.0001866
3.22	0.0001866
3.23	0.0001866
3.24	0.0001866
3.25	0.0001866
3.26	0.0001866
3.27	0.0001866
3.28	0.0001866
3.29	0.0001866
3.3	0.0001866
3.31	0.0001866
3.32	0.0001866
3.33	0.0001866
3.34	0.0001866
3.35	0.0001866
3.36	0.0001866
3.37	0.0001866
3.38	0.0001866
3.39	0.0001866
3.4	0.0001866
3.41	0.0001866
3.42	0.0001866
3.43	0.0001866
3.44	0.0001866
3.45	0.0001866
3.46	0.0001866
3.47	0.0001866
3.48	0.0001866
3.49	0.0001866
3.5	0.0001866
3.51	0.0001866
3.52	0.0001866
3.53	0.0001866
3.54	0.0001866
3.55	0.0001866
3.56	0.0001866
3.57	0.0001866
3.58	0.0001866
3.59	0.0001866
3.6	0.0001866
3.61	0.0001866
3.62	0.0001866
3.63	0.0001866
3.64	0.0001866
3.65	0.0001866
3.66	0.0001866
3.67	0.0001866
3.68	0.0001866
3.69	0.0001866
3.7	0.0001866
3.71	0.0001866
3.72	0.0001866
3.73	0.0001866
3.74	0.0001866
3.75	0.0001866
3.76	0.0001866
3.77	0.0001866
3.78	0.0001866
3.79	0.0001866
3.8	0.0001866
3.81	0.0001866
3.82	0.0001866
3.83	0.0001866
3.84	0.0001866
3.85	0.0001866
3.86	0.0001866
3.87	0.0001866
3.88	0.0001866
3.89	0.0001866
3.9	0.0001866
3.91	0.0001866
3.92	0.0001866
3.93	0.0001866
3.94	0.0001866
3.95	0.0001866
3.96	0.0001866
3.97	0.0001866
3.98	0.0001866
3.99	0.0001866
4	0.0001866
4.01	0.0001866
4.02	0.0001866
4.03	0.0001866
4.04	0.0001866
4.05	0.0001866
4.06	0.0001866
4.07	0.0001866
4.08	0.0001866
4.09	0.0001866
4.1	0.0001866
4.11	0.0001866
4.12	0.0001866
4.13	0.0001866
4.14	0.0001866
4.15	0.0001866
4.16	0.0001866
4.17	0.0001866
4.18	0.0001866
4.19	0.0001866
4.2	0.0001866
4.21	0.0001866
4.22	0.0001866
4.23	0.0001866
4.24	0.0001866
4.25	0.0001866
4.26	0.0001866
4.27	0.0001866
4.28	0.0001866
4.29	0.0001866
4.3	0.0001866
4.31	0.0001866
4.32	0.0001866
4.33	0.0001866
4.34	0.0001866
4.35	0.0001866
4.36	0.0001866
4.37	0.0001866
4.38	0.0001866
4.39	0.0001866
4.4	0.0001866
4.41	0.0001866
4.42	0.0001866
4.43	0.0001866
4.44	0.0001866
4.45	0.0001866
4.46	0.0001866
4.47	0.0001866
4.48	0.0001866
4.49	0.0001866
4.5	0.0001866
4.51	0.0001866
4.52	0.0001866
4.53	0.0001866
4.54	0.0001866
4.55	0.0001866
4.56	0.0001866
4.57	0.0001866
4.58	0.0001866
4.59	0.0001866
4.6	0.0001866
4.61	0.0001866
4.62	0.0001866
4.63	0.0001866
4.64	0.0001866
4.65	0.0001866
4.66	0.0001866
4.67	0.0001866
4.68	0.0001866
4.69	0.0001866
4.7	0.0001866
4.71	0.0001866
4.72	0.0001866
4.73	0.0001866
4.74	0.0001866
4.75	0.0001866
4.76	0.0001866
4.77	0.0001866
4.78	0.0001866
4.79	0.0001866
4.8	0.0001866
4.81	0.0001866
4.82	0.0001866
4.83	0.0001866
4.84	0.0001866
4.85	0.0001866
4.86	0.0001866
4.87	0.0001866
4.88	0.0001866
4.89	0.0001866
4.9	0.0001866
4.91	0.0001866
4.92	0.0001866
4.93	0.0001866
4.94	0.0001866
4.95	0.0001866
4.96	0.0001866
4.97	0.0001866
4.98	0.0001866
4.99	0.0001866
5	0.0001866
5.01	0.0001866
5.02	0.0001866
5.03	0.0001866
5.04	0.0001866
5.05	0.0001866
5.06	0.0001866
5.07	0.0001866
5.08	0.0001866
5.09	0.0001866
5.1	0.0001866
5.11	0.0001866
5.12	0.0001866
5.13	0.0001866
5.14	0.0001866
5.15	0.0001866
5.16	0.0001866
5.17	0.0001866
5.18	0.0001866
5.19	0.0001866
5.2	0.0001866
5.21	0.0001866
5.22	0.0001866
5.23	0.0001866
5.24	0.0001866
5.25	0.0001866
5.26	0.0001866
5.27	0.0001866
5.28	0.0001866
5.29	0.0001866
5.3	0.0001866
5.31	0.0001866
5.32	0.0001866
5.33	0.0001866
5.34	0.0001866
5.35	0.0001866
5.36	0.0001866
5.37	0.0001866
5.38	0.0001866
5.39	0.0001866
5.4	0.0001866
5.41	0.0001866
5.42	0.0001866
5.43	0.0001866
5.44	0.0001866
5.45	0.0001866
5.46	0.0001866
5.47	0.0001866
5.48	0.0001866
5.49	0.0001866
5.5	0.0001866
5.51	0.0001866
5.52	0.0001866
5.53	0.0001866
5.54	0.0001866
5.55	0.0001866
5.56	0.0001866
5.57	0.0001866
5.58	0.0001866
5.59	0.0001866
5.6	0.0001866
5.61	0.0001866
5.62	0.0001866
5.63	0.0001866
5.64	0.0001866
5.65	0.0001866
5.66	0.0001866
5.67	0.0001866
5.68	0.0001866
5.69	0.0001866
5.7	0.0001866
5.71	0.0001866
5.72	0.0001866
5.73	0.0001866
5.74	0.0001866
5.75	0.0001866
5.76	0.0001866
5.77	0.0001866
5.78	0.0001866
5.79	0.0001866
5.8	0.0001866
5.81	0.0001866
5.82	0.0001866
5.83	0.0001866
5.84	0.0001866
5.85	0.0001866
5.86	0.0001866
5.87	0.0001866
5.88	0.0001866
5.89	0.0001866
5.9	0.0001866
5.91	0.0001866
5.92	0.0001866
5.93	0.0001866
5.94	0.0001866
5.95	0.0001866
5.96	0.0001866
5.97	0.0001866
5.98	0.0001866
5.99	0.0001866
6	0.0001866
6.01	0.0001866
6.02	0.0001866
6.03	0.0001866
6.04	0.0001866
6.05	0.0001866
6.06	0.0001866
6.07	0.0001866
6.08	0.0001866
6.09	0.0001866
6.1	0.0001866
6.11	0.0001866
6.12	0.0001866
6.13	0.0001866
6.14	0.0001866
6.15	0.0001866
6.16	0.0001866
6.17	0.0001866
6.18	0.0001866
6.19	0.0001866
6.2	0.0001866
6.21	0.0001866
6.22	0.0001866
6.23	0.0001866
6.24	0.0001866
6.25	0.0001866
6.26	0.0001866
6.27	0.0001866
6.28	0.0001866
6.29	0.0001866
6.3	0.0001866
6.31	0.0001866
6.32	0.0001866
6.33	0.0001866
6.34	0.0001866
6.35	0.0001866
6.36	0.0001866
6.37	0.0001866
6.38	0.0001866
6.39	0.0001866
6.4	0.0001866
6.41	0.0001866
6.42	0.0001866
6.43	0.0001866
6.44	0.0001866
6.45	0.0001866
6.46	0.0001866
6.47	0.0001866
6.48	0.0001866
6.49	0.0001866
6.5	0.0001866
6.51	0.0001866
6.52	0.0001866
6.53	0.0001866
6.54	0.0001866
6.55	0.0001866
6.56	0.0001866
6.57	0.0001866
6.58	0.0001866
6.59	0.0001866
6.6	0.0001866
6.61	0.0001866
6.62	0.0001866
6.63	0.0001866
6.64	0.0001866
6.65	0.0001866
6.66	0.0001866
6.67	0.0001866
6.68	0.0001866
6.69	0.0001866
6.7	0.0001866
6.71	0.0001866
6.72	0.0001866
6.73	0.0001866
6.74	0.0001866
6.75	0.0001866
6.76	0.0001866
6.77	0.0001866
6.78	0.0001866
6.79	0.0001866
6.8	0.0001866
6.81	0.0001866
6.82	0.0001866
6.83	0.0001866
6.84	0.0001866
6.85	0.0001866
6.86	0.0001866
6.87	0.0001866
6.88	0.0001866
6.89	0.0001866
6.9	0.0001866
6.91	0.0001866
6.92	0.0001866
6.93	0.0001866
6.94	0.0001866
6.95	0.0001866
6.96	0.0001866
6.97	0.0001866
6.98	0.0001866
6.99	0.0001866
7	0.0001866
7.01	0.0001866
7.02	0.0001866
7.03	0.0001866
7.04	0.0001866
7.05	0.0001866
7.06	0.0001866
7.07	0.0001866
7.08	0.0001866
7.09	0.0001866
7.1	0.0001866
7.11	0.0001866
7.12	0.0001866
7.13	0.0001866
7.14	0.0001866
7.15	0.0001866
7.16	0.0001866
7.17	0.0001866
7.18	0.0001866
7.19	0.0001866
7.2	0.0001866
7.21	0.0001866
7.22	0.0001866
7.23	0.0001866
7.24	0.0001866
7.25	0.0001866
7.26	0.0001866
7.27	0.0001866
7.28	0.0001866
7.29	0.0001866
7.3	0.0001866
7.31	0.0001866
7.32	0.0001866
7.33	0.0001866
7.34	0.0001866
7.35	0.0001866
7.36	0.0001866
7.37	0.0001866
7.38	0.0001866
7.39	0.0001866
7.4	0.0001866
7.41	0.0001866
7.42	0.0001866
7.43	0.0001866
7.44	0.0001866
7.45	0.0001866
7.46	0.0001866
7.47	0.0001866
7.48	0.0001866
7.49	0.0001866
7.5	0.0001866
7.51	0.0001866
7.52	0.0001866
7.53	0.0001866
7.54	0.0001866
7.55	0.0001866
7.56	0.0001866
7.57	0.0001866
7.58	0.0001866
7.59	0.0001866
7.6	0.0001866
7.61	0.0001866
7.62	0.0001866
7.63	0.0001866
7.64	0.0001866
7.65	0.0001866
7.66	0.0001866
7.67	0.0001866
7.68	0.0001866
7.69	0.0001866
7.7	0.0001866
7.71	0.0001866
7.72	0.0001866
7.73	0.0001866
7.74	0.0001866
7.75	0.0001866
7.76	0.0001866
7.77	0.0001866
7.78	0.0001866
7.79	0.0001866
7.8	0.0001866
7.81	0.0001866
7.82	0.0001866
7.83	0.0001866
7.84	0.0001866
7.85	0.0001866
7.86	0.0001866
7.87	0.0001866
7.88	0.0001866
7.89	0.0001866
7.9	0.0001866
7.91	0.0001866
7.92	0.0001866
7.93	0.0001866
7.94	0.0001866
7.95	0.0001866
7.96	0.0001866
7.97	0.0001866
7.98	0.0001866
7.99	0.0001866
8	0.0001866
8.01	0.0001866
8.02	0.0001866
8.03	0.0001866
8.04	0.0001866
8.05	0.0001866
8.06	0.0001866
8.07	0.0001866
8.08	0.0001866
8.09	0.0001866
8.1	0.0001866
8.11	0.0001866
8.12	0.0001866
8.13	0.0001866
8.14	0.0001866
8.15	0.0001866
8.16	0.0001866
8.17	0.0001866
8.18	0.0001866
8.19	0.0001866
8.2	0.0001866
8.21	0.0001866
8.22	0.0001866
8.23	0.0001866
8.24	0.0001866
8.25	0.0001866
8.26	0.0001866
8.27	0.0001866
8.28	0.0001866
8.29	0.0001866
8.3	0.0001866
8.31	0.0001866
8.32	0.0001866
8.33	0.0001866
8.34	0.0001866
8.35	0.0001866
8.36	0.0001866
8.37	0.0001866
8.38	0.0001866
8.39	0.0001866
8.4	0.0001866
8.41	0.0001866
8.42	0.0001866
8.43	0.0001866
8.44	0.0001866
8.45	0.0001866
8.46	0.0001866
8.47	0.0001866
8.48	0.0001866
8.49	0.0001866
8.5	0.0001866
8.51	0.0001866
8.52	0.0001866
8.53	0.0001866
8.54	0.0001866
8.55	0.0001866
8.56	0.0001866
8.57	0.0001866
8.58	0.0001866
8.59	0.0001866
8.6	0.0001866
8.61	0.0001866
8.62	0.0001866
8.63	0.0001866
8.64	0.0001866
8.65	0.0001866
8.66	0.0001866
8.67	0.0001866
8.68	0.0001866
8.69	0.0001866
8.7	0.0001866
8.71	0.0001866
8.72	0.0001866
8.73	0.0001866
8.74	0.0001866
8.75	0.0001866
8.76	0.0001866
8.77	0.0001866
8.78	0.0001866
8.79	0.0001866
8.8	0.0001866
8.81	0.0001866
8.82	0.0001866
8.83	0.0001866
8.84	0.0001866
8.85	0.0001866
8.86	0.0001866
8.87	0.0001866
8.88	0.0001866
8.89	0.0001866
8.9	0.0001866
8.91	0.0001866
8.92	0.0001866
8.93	0.0001866
8.94	0.0001866
8.95	0.0001866
8.96	0.0001866
8.97	0.0001866
8.98	0.0001866
8.99	0.0001866
9	0.0001866
9.01	0.0001866
9.02	0.0001866
9.03	0.0001866
9.04	0.0001866
9.05	0.0001866
9.06	0.0001866
9.07	0.0001866
9.08	0.0001866
9.09	0.0001866
9.1	0.0001866
9.11	0.0001866
9.12	0.0001866
9.13	0.0001866
9.14	0.0001866
9.15	0.0001866
9.16	0.0001866
9.17	0.0001866
9.18	0.0001866
9.19	0.0001866
9.2	0.0001866
9.21	0.0001866
9.22	0.0001866
9.23	0.0001866
9.24	0.0001866
9.25	0.0001866
9.26	0.0001866
9.27	0.0001866
9.28	0.0001866
9.29	0.0001866
9.3	0.0001866
9.31	0.0001866
9.32	0.0001866
9.33	0.0001866
9.34	0.0001866
9.35	0.0001866
9.36	0.0001866
9.37	0.0001866
9.38	0.0001866
9.39	0.0001866
9.4	0.0001866
9.41	0.0001866
9.42	0.0001866
9.43	0.0001866
9.44	0.0001866
9.45	0.0001866
9.46	0.0001866
9.47	0.0001866
9.48	0.0001866
9.49	0.0001866
9.5	0.0001866
9.51	0.0001866
9.52	0.0001866
9.53	0.0001866
9.54	0.0001866
9.55	0.0001866
9.56	0.0001866
9.57	0.0001866
9.58	0.0001866
9.59	0.0001866
9.6	0.0001866
9.61	0.0001866
9.62	0.0001866
9.63	0.0001866
9.64	0.0001866
9.65	0.0001866
9.66	0.0001866
9.67	0.0001866
9.68	0.0001866
9.69	0.0001866
9.7	0.0001866
9.71	0.0001866
9.72	0.0001866
9.73	0.0001866
9.74	0.0001866
9.75	0.0001866
9.76	0.0001866
9.77	0.0001866
9.78	0.0001866
9.79	0.0001866
9.8	0.0001866
9.81	0.0001866
9.82	0.0001866
9.83	0.0001866
9.84	0.0001866
9.85	0.0001866
9.86	0.0001866
9.87	0.0001866
9.88	0.0001866
9.89	0.0001866
9.9	0.0001866
9.91	0.0001866
9.92	0.0001866
9.93	0.0001866
9.94	0.0001866
9.95	0.0001866
9.96	0.0001866
9.97	0.0001866
9.98	0.0001866
9.99	0.0001866
10	0.0001866
10.01	0.0001866
10.02	0.0001866
10.03	0.0001866
10.04	0.0001866
10.05	0.0001866
10.06	0.0001866
10.07	0.0001866
10.08	0.0001866
10.09	0.0001866
10.1	0.0001866
10.11	0.0001866
10.12	0.0001866
10.13	0.0001866
10.14	0.0001866
10.15	0.0001866
10.16	0.0001866
10.17	0.0001866
10.18	0.0001866
10.19	0.0001866
10.2	0.0001866
10.21	0.0001866
10.22	0.0001866
10.23	0.0001866
10.24	0.0001866
10.25	0.0001866
10.26	0.0001866
10.27	0.0001866
10.28	0.0001866
10.29	0.0001866
10.3	0.0001866
10.31	0.0001866
10.32	0.0001866
10.33	0.0001866
10.34	0.0001866
10.35	0.0001866
10.36	0.0001866
10.37	0.0001866
10.38	0.0001866
10.39	0.0001866
10.4	0.0001866
10.41	0.0001866
10.42	0.0001866
10.43	0.0001866
10.44	0.0001866
10.45	0.0001866
10.46	0.0001866
10.47	0.0001866
10.48	0.0001866
10.49	0.0001866
10.5	0.0001866
10.51	0.0001866
10.52	0.0001866
10.53	0.0001866
10.54	0.0001866
10.55	0.0001866
10.56	0.0001866
10.57	0.0001866
10.58	0.0001866
10.59	0.0001866
10.6	0.0001866
10.61	0.0001866
10.62	0.0001866
10.63	0.0001866
10.64	0.0001866
10.65	0.0001866
10.66	0.0001866
10.67	0.0001866
10.68	0.0001866
10.69	0.0001866
10.7	0.0001866
10.71	0.0001866
10.72	0.0001866
10.73	0.0001866
10.74	0.0001866
10.75	0.0001866
10.76	0.0001866
10.77	0.0001866
10.78	0.0001866
10.79	0.0001866
10.8	0.0001866
10.81	0.0001866
10.82	0.0001866
10.83	0.0001866
10.84	0.0001866
10.85	0.0001866
10.86	0.0001866
10.87	0.0001866
10.88	0.0001866
10.89	0.0001866
10.9	0.0001866
10.91	0.0001866
10.92	0.0001866
10.93	0.0001866
10.94	0.0001866
10.95	0.0001866
10.96	0.0001866
10.97	0.0001866
10.98	0.0001866
10.99	0.0001866
11	0.0001866
11.01	0.0001866
11.02	0.0001866
11.03	0.0001866
11.04	0.0001866
11.05	0.0001866
11.06	0.0001866
11.07	0.0001866
11.08	0.0001866
11.09	0.0001866
11.1	0.0001866
11.11	0.0001866
11.12	0.0001866
11.13	0.0001866
11.14	0.0001866
11.15	0.0001866
11.16	0.0001866
11.17	0.0001866
11.18	0.0001866
11.19	0.0001866
11.2	0.0001866
11.21	0.0001866
11.22	0.0001866
11.23	0.0001866
11.24	0.0001866
11.25	0.0001866
11.26	0.0001866
11.27	0.0001866
11.28	0.0001866
11.29	0.0001866
11.3	0.0001866
11.31	0.0001866
11.32	0.0001866
11.33	0.0001866
11.34	0.0001866
11.35	0.0001866
11.36	0.0001866
11.37	0.0001866
11.38	0.0001866
11.39	0.0001866
11.4	0.0001866
11.41	0.0001866
11.42	0.0001866
11.43	0.0001866
11.44	0.0001866
11.45	0.0001866
11.46	0.0001866
11.47	0.0001866
11.48	0.0001866
11.49	0.0001866
11.5	0.0001866
11.51	0.0001866
11.52	0.0001866
11.53	0.0001866
11.54	0.0001866
11.55	0.0001866
11.56	0.0001866
11.57	0.0001866
11.58	0.0001866
11.59	0.0001866
11.6	0.0001866
11.61	0.0001866
11.62	0.0001866
11.63	0.0001866
11.64	0.0001866
11.65	0.0001866
11.66	0.0001866
11.67	0.0001866
11.68	0.0001866
11.69	0.0001866
11.7	0.0001866
11.71	0.0001866
11.72	0.0001866
11.73	0.0001866
11.74	0.0001866
11.75	0.0001866
11.76	0.0001866
11.77	0.0001866
11.78	0.0001866
11.79	0.0001866
11.8	0.0001866
11.81	0.0001866
11.82	0.0001866
11.83	0.0001866
11.84	0.0001866
11.85	0.0001866
11.86	0.0001866
11.87	0.0001866
11.88	0.0001866
11.89	0.0001866
11.9	0.0001866
11.91	0.0001866
11.92	0.0001866
11.93	0.0001866
11.94	0.0001866
11.95	0.0001866
11.96	0.0001866
11.97	0.0001866
11.98	0.0001866
11.99	0.0001866
12	0.0001866
12.01	0.0001866
12.02	0.0001866
12.03	0.0001866
12.04	0.0001866
12.05	0.0001866
12.06	0.0001866
12.07	0.0001866
12.08	0.0001866
12.09	0.0001866
12.1	0.0001866
12.11	0.0001866
12.12	0.0001866
12.13	0.0001866
12.14	0.0001866
12.15	0.0001866
12.16	0.0001866
12.17	0.0001866
12.18	0.0001866
12.19	0.0001866
12.2	0.0001866
12.21	0.0001866
12.22	0.0001866
12.23	0.0001866
12.24	0.0001866
12.25	0.0001866
12.26	0.0001866
12.27	0.0001866
12.28	0.0001866
12.29	0.0001866
12.3	0.0001866
12.31	0.0001866
12.32	0.0001866
12.33	0.0001866
12.34	0.0001866
12.35	0.0001866
12.36	0.0001866
12.37	0.0001866
12.38	0.0001866
12.39	0.0001866
12.4	0.0001866
12.41	0.0001866
12.42	0.0001866
12.43	0.0001866
12.44	0.0001866
12.45	0.0001866
12.46	0.0001866
12.47	0.0001866
12.48	0.0001866
12.49	0.0001866
12.5	0.0001866
12.51	0.0001866
12.52	0.0001866
12.53	0.0001866
12.54	0.0001866
12.55	0.0001866
12.56	0.0001866
12.57	0.0001866
12.58	0.0001866
12.59	0.0001866
12.6	0.0001866
12.61	0.0001866
12.62	0.0001866
12.63	0.0001866
12.64	0.0001866
12.65	0.0001866
12.66	0.0001866
12.67	0.0001866
12.68	0.0001866
12.69	0.0001866
12.7	0.0001866
12.71	0.0001866
12.72	0.0001866
12.73	0.0001866
12.74	0.0001866
12.75	0.0001866
12.76	0.0001866
12.77	0.0001866
12.78	0.0001866
12.79	0.0001866
12.8	0.0001866
12.81	0.0001866
12.82	0.0001866
12.83	0.0001866
12.84	0.0001866
12.85	0.0001866
12.86	0.0001866
12.87	0.0001866
12.88	0.0001866
12.89	0.0001866
12.9	0.0001866
12.91	0.0001866
12.92	0.0001866
12.93	0.0001866
12.94	0.0001866
12.95	0.0001866
12.96	0.0001866
12.97	0.0001866
12.98	0.0001866
12.99	0.0001866
13	0.0001866
13.01	0.0001866
13.02	0.0001866
13.03	0.0001866
13.04	0.0001866
13.05	0.0001866
13.06	0.0001866
13.07	0.0001866
13.08	0.0001866
13.09	0.0001866
13.1	0.0001866
13.11	0.0001866
13.12	0.0001866
13.13	0.0001866
13.14	0.0001866
13.15	0.0001866
13.16	0.0001866
13.17	0.0001866
13.18	0.0001866
13.19	0.0001866
13.2	0.0001866
13.21	0.0001866
13.22	0.0001866
13.23	0.0001866
13.24	0.0001866
13.25	0.0001866
13.26	0.0001866
13.27	0.0001866
13.28	0.0001866
13.29	0.0001866
13.3	0.0001866
13.31	0.0001866
13.32	0.0001866
13.33	0.0001866
13.34	0.0001866
13.35	0.0001866
13.36	0.0001866
13.37	0.0001866
13.38	0.0001866
13.39	0.0001866
13.4	0.0001866
13.41	0.0001866
13.42	0.0001866
13.43	0.0001866
13.44	0.0001866
13.45	0.0001866
13.46	0.0001866
13.47	0.0001866
13.48	0.0001866
13.49	0.0001866
13.5	0.0001866
13.51	0.0001866
13.52	0.0001866
13.53	0.0001866
13.54	0.0001866
13.55	0.0001866
13.56	0.0001866
13.57	0.0001866
13.58	0.0001866
13.59	0.0001866
13.6	0.0001866
13.61	0.0001866
13.62	0.0001866
13.63	0.0001866
13.64	0.0001866
13.65	0.0001866
13.66	0.0001866
13.67	0.0001866
13.68	0.0001866
13.69	0.0001866
13.7	0.0001866
13.71	0.0001866
13.72	0.0001866
13.73	0.0001866
13.74	0.0001866
13.75	0.0001866
13.76	0.0001866
13.77	0.0001866
13.78	0.0001866
13.79	0.0001866
13.8	0.0001866
13.81	0.0001866
13.82	0.0001866
13.83	0.0001866
13.84	0.0001866
13.85	0.0001866
13.86	0.0001866
13.87	0.0001866
13.88	0.0001866
13.89	0.0001866
13.9	0.0001866
13.91	0.0001866
13.92	0.0001866
13.93	0.0001866
13.94	0.0001866
13.95	0.0001866
13.96	0.0001866
13.97	0.0001866
13.98	0.0001866
13.99	0.0001866
14	0.0001866
14.01	0.0001866
14.02	0.0001866
14.03	0.0001866
14.04	0.0001866
14.05	0.0001866
14.06	0.0001866
14.07	0.0001866
14.08	0.0001866
14.09	0.0001866
14.1	0.0001866
14.11	0.0001866
14.12	0.0001866
14.13	0.0001866
14.14	0.0001866
14.15	0.0001866
14.16	0.0001866
14.17	0.0001866
14.18	0.0001866
14.19	0.0001866
14.2	0.0001866
14.21	0.0001866
14.22	0.0001866
14.23	0.0001866
14.24	0.0001866
14.25	0.0001866
14.26	0.0001866
14.27	0.0001866
14.28	0.0001866
14.29	0.0001866
14.3	0.0001866
14.31	0.0001866
14.32	0.0001866
14.33	0.0001866
14.34	0.0001866
14.35	0.0001866
14.36	0.0001866
14.37	0.0001866
14.38	0.0001866
14.39	0.0001866
14.4	0.0001866
14.41	0.0001866
14.42	0.0001866
14.43	0.0001866
14.44	0.0001866
14.45	0.0001866
14.46	0.0001866
14.47	0.0001866
14.48	0.0001866
14.49	0.0001866
14.5	0.0001866
14.51	0.0001866
14.52	0.0001866
14.53	0.0001866
14.54	0.0001866
14.55	0.0001866
14.56	0.0001866
14.57	0.0001866
14.58	0.0001866
14.59	0.0001866
14.6	0.0001866
14.61	0.0001866
14.62	0.0001866
14.63	0.0001866
14.64	0.0001866
14.65	0.0001866
14.66	0.0001866
14.67	0.0001866
14.68	0.0001866
14.69	0.0001866
14.7	0.0001866
14.71	0.0001866
14.72	0.0001866
14.73	0.0001866
14.74	0.0001866
14.75	0.0001866
14.76	0.0001866
14.77	0.0001866
14.78	0.0001866
14.79	0.0001866
14.8	0.0001866
14.81	0.0001866
14.82	0.0001866
14.83	0.0001866
14.84	0.0001866
14.85	0.0001866
14.86	0.0001866
14.87	0.0001866
14.88	0.0001866
14.89	0.0001866
14.9	0.0001866
14.91	0.0001866
14.92	0.0001866
14.93	0.0001866
14.94	0.0001866
14.95	0.0001866
14.96	0.0001866
14.97	0.0001866
14.98	0.0001866
14.99	0.0001866
15	0.0001866
15.01	0.0001866
15.02	0.0001866
15.03	0.0001866
15.04	0.0001866
15.05	0.0001866
15.06	0.0001866
15.07	0.0001866
15.08	0.0001866
15.09	0.0001866
15.1	0.0001866
15.11	0.0001866
15.12	0.0001866
15.13	0.0001866
15.14	0.0001866
15.15	0.0001866
15.16	0.0001866
15.17	0.0001866
15.18	0.0001866
15.19	0.0001866
15.2	0.0001866
15.21	0.0001866
15.22	0.0001866
15.23	0.0001866
15.24	0.0001866
15.25	0.0001866
15.26	0.0001866
15.27	0.0001866
15.28	0.0001866
15.29	0.0001866
15.3	0.0001866
15.31	0.0001866
15.32	0.0001866
15.33	0.0001866
15.34	0.0001866
15.35	0.0001866
15.36	0.0001866
15.37	0.0001866
15.38	0.0001866
15.39	0.0001866
15.4	0.0001866
15.41	0.0001866
15.42	0.0001866
15.43	0.0001866
15.44	0.0001866
15.45	0.0001866
15.46	0.0001866
15.47	0.0001866
15.48	0.0001866
15.49	0.0001866
15.5	0.0001866
15.51	0.0001866
15.52	0.0001866
15.53	0.0001866
15.54	0.0001866
15.55	0.0001866
15.56	0.0001866
15.57	0.0001866
15.58	0.0001866
15.59	0.0001866
15.6	0.0001866
15.61	0.0001866
15.62	0.0001866
15.63	0.0001866
15.64	0.0001866
15.65	0.0001866
15.66	0.0001866
15.67	0.0001866
15.68	0.0001866
15.69	0.0001866
15.7	0.0001866
15.71	0.0001866
15.72	0.0001866
15.73	0.0001866
15.74	0.0001866
15.75	0.0001866
15.76	0.0001866
15.77	0.0001866
15.78	0.0001866
15.79	0.0001866
15.8	0.0001866
15.81	0.0001866
15.82	0.0001866
15.83	0.0001866
15.84	0.0001866
15.85	0.0001866
15.86	0.0001866
15.87	0.0001866
15.88	0.0001866
15.89	0.0001866
15.9	0.0001866
15.91	0.0001866
15.92	0.0001866
15.93	0.0001866
15.94	0.0001866
15.95	0.0001866
15.96	0.0001866
15.97	0.0001866
15.98	0.0001866
15.99	0.0001866
16	0.0001866
16.01	0.0001866
16.02	0.0001866
16.03	0.0001866
16.04	0.0001866
16.05	0.0001866
16.06	0.0001866
16.07	0.0001866
16.08	0.0001866
16.09	0.0001866
16.1	0.0001866
16.11	0.0001866
16.12	0.0001866
16.13	0.0001866
16.14	0.0001866
16.15	0.0001866
16.16	0.0001866
16.17	0.0001866
16.18	0.0001866
16.19	0.0001866
16.2	0.0001866
16.21	0.0001866
16.22	0.0001866
16.23	0.0001866
16.24	0.0001866
16.25	0.0001866
16.26	0.0001866
16.27	0.0001866
16.28	0.0001866
16.29	0.0001866
16.3	0.0001866
16.31	0.0001866
16.32	0.0001866
16.33	0.0001866
16.34	0.0001866
16.35	0.0001866
16.36	0.0001866
16.37	0.0001866
16.38	0.0001866
16.39	0.0001866
16.4	0.0001866
16.41	0.0001866
16.42	0.0001866
16.43	0.0001866
16.44	0.0001866
16.45	0.0001866
16.46	0.0001866
16.47	0.0001866
16.48	0.0001866
16.49	0.0001866
16.5	0.0001866
16.51	0.0001866
16.52	0.0001866
16.53	0.0001866
16.54	0.0001866
16.55	0.0001866
16.56	0.0001866
16.57	0.0001866
16.58	0.0001866
16.59	0.0001866
16.6	0.0001866
16.61	0.0001866
16.62	0.0001866
16.63	0.0001866
16.64	0.0001866
16.65	0.0001866
16.66	0.0001866
16.67	0.0001866
16.68	0.0001866
16.69	0.0001866
16.7	0.0001866
16.71	0.0001866
16.72	0.0001866
16.73	0.0001866
16.74	0.0001866
16.75	0.0001866
16.76	0.0001866
16.77	0.0001866
16.78	0.0001866
16.79	0.0001866
16.8	0.0001866
16.81	0.0001866
16.82	0.0001866
16.83	0.0001866
16.84	0.0001866
16.85	0.0001866
16.86	0.0001866
16.87	0.0001866
16.88	0.0001866
16.89	0.0001866
16.9	0.0001866
16.91	0.0001866
16.92	0.0001866
16.93	0.0001866
16.94	0.0001866
16.95	0.0001866
16.96	0.0001866
16.97	0.0001866
16.98	0.0001866
16.99	0.0001866
17	0.0001866
17.01	0.0001866
17.02	0.0001866
17.03	0.0001866
17.04	0.0001866
17.05	0.0001866
17.06	0.0001866
17.07	0.0001866
17.08	0.0001866
17.09	0.0001866
17.1	0.0001866
17.11	0.0001866
17.12	0.0001866
17.13	0.0001866
17.14	0.0001866
17.15	0.0001866
17.16	0.0001866
17.17	0.0001866
17.18	0.0001866
17.19	0.0001866
17.2	0.0001866
17.21	0.0001866
17.22	0.0001866
17.23	0.0001866
17.24	0.0001866
17.25	0.0001866
17.26	0.0001866
17.27	0.0001866
17.28	0.0001866
17.29	0.0001866
17.3	0.0001866
17.31	0.0001866
17.32	0.0001866
17.33	0.0001866
17.34	0.0001866
17.35	0.0001866
17.36	0.0001866
17.37	0.0001866
17.38	0.0001866
17.39	0.0001866
17.4	0.0001866
17.41	0.0001866
17.42	0.0001866
17.43	0.0001866
17.44	0.0001866
17.45	0.0001866
17.46	0.0001866
17.47	0.0001866
17.48	0.0001866
17.49	0.0001866
17.5	0.0001866
17.51	0.0001866
17.52	0.0001866
17.53	0.0001866
17.54	0.0001866
17.55	0.0001866
17.56	0.0001866
17.57	0.0001866
17.58	0.0001866
17.59	0.0001866
17.6	0.0001866
17.61	0.0001866
17.62	0.0001866
17.63	0.0001866
17.64	0.0001866
17.65	0.0001866
17.66	0.0001866
17.67	0.0001866
17.68	0.0001866
17.69	0.0001866
17.7	0.0001866
17.71	0.0001866
17.72	0.0001866
17.73	0.0001866
17.74	0.0001866
17.75	0.0001866
17.76	0.0001866
17.77	0.0001866
17.78	0.0001866
17.79	0.0001866
17.8	0.0001866
17.81	0.0001866
17.82	0.0001866
17.83	0.0001866
17.84	0.0001866
17.85	0.0001866
17.86	0.0001866
17.87	0.0001866
17.88	0.0001866
17.89	0.0001866
17.9	0.0001866
17.91	0.0001866
17.92	0.0001866
17.93	0.0001866
17.94	0.0001866
17.95	0.0001866
17.96	0.0001866
17.97	0.0001866
17.98	0.0001866
17.99	0.0001866
18	0.0001866
18.01	0.0001866
18.02	0.0001866
18.03	0.0001866
18.04	0.0001866
18.05	0.0001866
18.06	0.0001866
18.07	0.0001866
18.08	0.0001866
18.09	0.0001866
18.1	0.0001866
18.11	0.0001866
18.12	0.0001866
18.13	0.0001866
18.14	0.0001866
18.15	0.0001866
18.16	0.0001866
18.17	0.0001866
18.18	0.0001866
18.19	0.0001866
18.2	0.0001866
18.21	0.0001866
18.22	0.0001866
18.23	0.0001866
18.24	0.0001866
18.25	0.0001866
18.26	0.0001866
18.27	0.0001866
18.28	0.0001866
18.29	0.0001866
18.3	0.0001866
18.31	0.0001866
18.32	0.0001866
18.33	0.0001866
18.34	0.0001866
18.35	0.0001866
18.36	0.0001866
18.37	0.0001866
18.38	0.0001866
18.39	0.0001866
18.4	0.0001866
18.41	0.0001866
18.42	0.0001866
18.43	0.0001866
18.44	0.0001866
18.45	0.0001866
18.46	0.0001866
18.47	0.0001866
18.48	0.0001866
18.49	0.0001866
18.5	0.0001866
18.51	0.0001866
18.52	0.0001866
18.53	0.0001866
18.54	0.0001866
18.55	0.0001866
18.56	0.0001866
18.57	0.0001866
18.58	0.0001866
18.59	0.0001866
18.6	0.0001866
18.61	0.0001866
18.62	0.0001866
18.63	0.0001866
18.64	0.0001866
18.65	0.0001866
18.66	0.0001866
18.67	0.0001866
18.68	0.0001866
18.69	0.0001866
18.7	0.0001866
18.71	0.0001866
18.72	0.0001866
18.73	0.0001866
18.74	0.0001866
18.75	0.0001866
18.76	0.0001866
18.77	0.0001866
18.78	0.0001866
18.79	0.0001866
18.8	0.0001866
18.81	0.0001866
18.82	0.0001866
18.83	0.0001866
18.84	0.0001866
18.85	0.0001866
18.86	0.0001866
18.87	0.0001866
18.88	0.0001866
18.89	0.0001866
18.9	0.0001866
18.91	0.0001866
18.92	0.0001866
18.93	0.0001866
18.94	0.0001866
18.95	0.0001866
18.96	0.0001866
18.97	0.0001866
18.98	0.0001866
18.99	0.0001866
19	0.0001866
19.01	0.0001866
19.02	0.0001866
19.03	0.0001866
19.04	0.0001866
19.05	0.0001866
19.06	0.0001866
19.07	0.0001866
19.08	0.0001866
19.09	0.0001866
19.1	0.0001866
19.11	0.0001866
19.12	0.0001866
19.13	0.0001866
19.14	0.0001866
19.15	0.0001866
19.16	0.0001866
19.17	0.0001866
19.18	0.0001866
19.19	0.0001866
19.2	0.0001866
19.21	0.0001866
19.22	0.0001866
19.23	0.0001866
19.24	0.0001866
19.25	0.0001866
19.26	0.0001866
19.27	0.0001866
19.28	0.0001866
19.29	0.0001866
19.3	0.0001866
19.31	0.0001866
19.32	0.0001866
19.33	0.0001866
19.34	0.0001866
19.35	0.0001866
19.36	0.0001866
19.37	0.0001866
19.38	0.0001866
19.39	0.0001866
19.4	0.0001866
19.41	0.0001866
19.42	0.0001866
19.43	0.0001866
19.44	0.0001866
19.45	0.0001866
19.46	0.0001866
19.47	0.0001866
19.48	0.0001866
19.49	0.0001866
19.5	0.0001866
19.51	0.0001866
19.52	0.0001866
19.53	0.0001866
19.54	0.0001866
19.55	0.0001866
19.56	0.0001866
19.57	0.0001866
19.58	0.0001866
19.59	0.0001866
19.6	0.0001866
19.61	0.0001866
19.62	0.0001866
19.63	0.0001866
19.64	0.0001866
19.65	0.0001866
19.66	0.0001866
19.67	0.0001866
19.68	0.0001866
19.69	0.0001866
19.7	0.0001866
19.71	0.0001866
19.72	0.0001866
19.73	0.0001866
19.74	0.0001866
19.75	0.0001866
19.76	0.0001866
19.77	0.0001866
19.78	0.0001866
19.79	0.0001866
19.8	0.0001866
19.81	0.0001866
19.82	0.0001866
19.83	0.0001866
19.84	0.0001866
19.85	0.0001866
19.86	0.0001866
19.87	0.0001866
19.88	0.0001866
19.89	0.0001866
19.9	0.0001866
19.91	0.0001866
19.92	0.0001866
19.93	0.0001866
19.94	0.0001866
19.95	0.0001866
19.96	0.0001866
19.97	0.0001866
19.98	0.0001866
19.99	0.0001866
20	0.0001866
20.01	0.0001866
20.02	0.0001866
20.03	0.0001866
20.04	0.0001866
20.05	0.0001866
20.06	0.0001866
20.07	0.0001866
20.08	0.0001866
20.09	0.0001866
20.1	0.0001866
20.11	0.0001866
20.12	0.0001866
20.13	0.0001866
20.14	0.0001866
20.15	0.0001866
20.16	0.0001866
20.17	0.0001866
20.18	0.0001866
20.19	0.0001866
20.2	0.0001866
20.21	0.0001866
20.22	0.0001866
20.23	0.0001866
20.24	0.0001866
20.25	0.0001866
20.26	0.0001866
20.27	0.0001866
20.28	0.0001866
20.29	0.0001866
20.3	0.0001866
20.31	0.0001866
20.32	0.0001866
20.33	0.0001866
20.34	0.0001866
20.35	0.0001866
20.36	0.0001866
20.37	0.0001866
20.38	0.0001866
20.39	0.0001866
20.4	0.0001866
20.41	0.0001866
20.42	0.0001866
20.43	0.0001866
20.44	0.0001866
20.45	0.0001866
20.46	0.0001866
20.47	0.0001866
20.48	0.0001866
20.49	0.0001866
20.5	0.0001866
20.51	0.0001866
20.52	0.0001866
20.53	0.0001866
20.54	0.0001866
20.55	0.0001866
20.56	0.0001866
20.57	0.0001866
20.58	0.0001866
20.59	0.0001866
20.6	0.0001866
20.61	0.0001866
20.62	0.0001866
20.63	0.0001866
20.64	0.0001866
20.65	0.0001866
20.66	0.0001866
20.67	0.0001866
20.68	0.0001866
20.69	0.0001866
20.7	0.0001866
20.71	0.0001866
20.72	0.0001866
20.73	0.0001866
20.74	0.0001866
20.75	0.0001866
20.76	0.0001866
20.77	0.0001866
20.78	0.0001866
20.79	0.0001866
20.8	0.0001866
20.81	0.0001866
20.82	0.0001866
20.83	0.0001866
20.84	0.0001866
20.85	0.0001866
20.86	0.0001866
20.87	0.0001866
20.88	0.0001866
20.89	0.0001866
20.9	0.0001866
20.91	0.0001866
20.92	0.0001866
20.93	0.0001866
20.94	0.0001866
20.95	0.0001866
20.96	0.0001866
20.97	0.0001866
20.98	0.0001866
20.99	0.0001866
21	0.0001866
21.01	0.0001866
21.02	0.0001866
21.03	0.0001866
21.04	0.0001866
21.05	0.0001866
21.06	0.0001866
21.07	0.0001866
21.08	0.0001866
21.09	0.0001866
21.1	0.0001866
21.11	0.0001866
21.12	0.0001866
21.13	0.0001866
21.14	0.0001866
21.15	0.0001866
21.16	0.0001866
21.17	0.0001866
21.18	0.0001866
21.19	0.0001866
21.2	0.0001866
21.21	0.0001866
21.22	0.0001866
21.23	0.0001866
21.24	0.0001866
21.25	0.0001866
21.26	0.0001866
21.27	0.0001866
21.28	0.0001866
21.29	0.0001866
21.3	0.0001866
21.31	0.0001866
21.32	0.0001866
21.33	0.0001866
21.34	0.0001866
21.35	0.0001866
21.36	0.0001866
21.37	0.0001866
21.38	0.0001866
21.39	0.0001866
21.4	0.0001866
21.41	0.0001866
21.42	0.0001866
21.43	0.0001866
21.44	0.0001866
21.45	0.0001866
21.46	0.0001866
21.47	0.0001866
21.48	0.0001866
21.49	0.0001866
21.5	0.0001866
21.51	0.0001866
21.52	0.0001866
21.53	0.0001866
21.54	0.0001866
21.55	0.0001866
21.56	0.0001866
21.57	0.0001866
21.58	0.0001866
21.59	0.0001866
21.6	0.0001866
21.61	0.0001866
21.62	0.0001866
21.63	0.0001866
21.64	0.0001866
21.65	0.0001866
21.66	0.0001866
21.67	0.0001866
21.68	0.0001866
21.69	0.0001866
21.7	0.0001866
21.71	0.0001866
21.72	0.0001866
21.73	0.0001866
21.74	0.0001866
21.75	0.0001866
21.76	0.0001866
21.77	0.0001866
21.78	0.0001866
21.79	0.0001866
21.8	0.0001866
21.81	0.0001866
21.82	0.0001866
21.83	0.0001866
21.84	0.0001866
21.85	0.0001866
21.86	0.0001866
21.87	0.0001866
21.88	0.0001866
21.89	0.0001866
21.9	0.0001866
21.91	0.0001866
21.92	0.0001866
21.93	0.0001866
21.94	0.0001866
21.95	0.0001866
21.96	0.0001866
21.97	0.0001866
21.98	0.0001866
21.99	0.0001866
22	0.0001866
22.01	0.0001866
22.02	0.0001866
22.03	0.0001866
22.04	0.0001866
22.05	0.0001866
22.06	0.0001866
22.07	0.0001866
22.08	0.0001866
22.09	0.0001866
22.1	0.0001866
22.11	0.0001866
22.12	0.0001866
22.13	0.0001866
22.14	0.0001866
22.15	0.0001866
22.16	0.0001866
22.17	0.0001866
22.18	0.0001866
22.19	0.0001866
22.2	0.0001866
22.21	0.0001866
22.22	0.0001866
22.23	0.0001866
22.24	0.0001866
22.25	0.0001866
22.26	0.0001866
22.27	0.0001866
22.28	0.0001866
22.29	0.0001866
22.3	0.0001866
22.31	0.0001866
22.32	0.0001866
22.33	0.0001866
22.34	0.0001866
22.35	0.0001866
22.36	0.0001866
22.37	0.0001866
22.38	0.0001866
22.39	0.0001866
22.4	0.0001866
22.41	0.0001866
22.42	0.0001866
22.43	0.0001866
22.44	0.0001866
22.45	0.0001866
22.46	0.0001866
22.47	0.0001866
22.48	0.0001866
22.49	0.0001866
22.5	0.0001866
22.51	0.0001866
22.52	0.0001866
22.53	0.0001866
22.54	0.0001866
22.55	0.0001866
22.56	0.0001866
22.57	0.0001866
22.58	0.0001866
22.59	0.0001866
22.6	0.0001866
22.61	0.0001866
22.62	0.0001866
22.63	0.0001866
22.64	0.0001866
22.65	0.0001866
22.66	0.0001866
22.67	0.0001866
22.68	0.0001866
22.69	0.0001866
22.7	0.0001866
22.71	0.0001866
22.72	0.0001866
22.73	0.0001866
22.74	0.0001866
22.75	0.0001866
22.76	0.0001866
22.77	0.0001866
22.78	0.0001866
22.79	0.0001866
22.8	0.0001866
22.81	0.0001866
22.82	0.0001866
22.83	0.0001866
22.84	0.0001866
22.85	0.0001866
22.86	0.0001866
22.87	0.0001866
22.88	0.0001866
22.89	0.0001866
22.9	0.0001866
22.91	0.0001866
22.92	0.0001866
22.93	0.0001866
22.94	0.0001866
22.95	0.0001866
22.96	0.0001866
22.97	0.0001866
22.98	0.0001866
22.99	0.0001866
23	0.0001866
23.01	0.0001866
23.02	0.0001866
23.03	0.0001866
23.04	0.0001866
23.05	0.0001866
23.06	0.0001866
23.07	0.0001866
23.08	0.0001866
23.09	0.0001866
23.1	0.0001866
23.11	0.0001866
23.12	0.0001866
23.13	0.0001866
23.14	0.0001866
23.15	0.0001866
23.16	0.0001866
23.17	0.0001866
23.18	0.0001866
23.19	0.0001866
23.2	0.0001866
23.21	0.0001866
23.22	0.0001866
23.23	0.0001866
23.24	0.0001866
23.25	0.0001866
23.26	0.0001866
23.27	0.0001866
23.28	0.0001866
23.29	0.0001866
23.3	0.0001866
23.31	0.0001866
23.32	0.0001866
23.33	0.0001866
23.34	0.0001866
23.35	0.0001866
23.36	0.0001866
23.37	0.0001866
23.38	0.0001866
23.39	0.0001866
23.4	0.0001866
23.41	0.0001866
23.42	0.0001866
23.43	0.0001866
23.44	0.0001866
23.45	0.0001866
23.46	0.0001866
23.47	0.0001866
23.48	0.0001866
23.49	0.0001866
23.5	0.0001866
23.51	0.0001866
23.52	0.0001866
23.53	0.0001866
23.54	0.0001866
23.55	0.0001866
23.56	0.0001866
23.57	0.0001866
23.58	0.0001866
23.59	0.0001866
23.6	0.0001866
23.61	0.0001866
23.62	0.0001866
23.63	0.0001866
23.64	0.0001866
23.65	0.0001866
23.66	0.0001866
23.67	0.0001866
23.68	0.0001866
23.69	0.0001866
23.7	0.0001866
23.71	0.0001866
23.72	0.0001866
23.73	0.0001866
23.74	0.0001866
23.75	0.0001866
23.76	0.0001866
23.77	0.0001866
23.78	0.0001866
23.79	0.0001866
23.8	0.0001866
23.81	0.0001866
23.82	0.0001866
23.83	0.0001866
23.84	0.0001866
23.85	0.0001866
23.86	0.0001866
23.87	0.0001866
23.88	0.0001866
23.89	0.0001866
23.9	0.0001866
23.91	0.0001866
23.92	0.0001866
23.93	0.0001866
23.94	0.0001866
23.95	0.0001866
23.96	0.0001866
23.97	0.0001866
23.98	0.0001866
23.99	0.0001866
24	0.0001866
24.01	0.0001866
24.02	0.0001866
24.03	0.0001866
24.04	0.0001866
24.05	0.0001866
24.06	0.0001866
24.07	0.0001866
24.08	0.0001866
24.09	0.0001866
24.1	0.0001866
24.11	0.0001866
24.12	0.0001866
24.13	0.0001866
24.14	0.0001866
24.15	0.0001866
24.16	0.0001866
24.17	0.0001866
24.18	0.0001866
24.19	0.0001866
24.2	0.0001866
24.21	0.0001866
24.22	0.0001866
24.23	0.0001866
24.24	0.0001866
24.25	0.0001866
24.26	0.0001866
24.27	0.0001866
24.28	0.0001866
24.29	0.0001866
24.3	0.0001866
24.31	0.0001866
24.32	0.0001866
24.33	0.0001866
24.34	0.0001866
24.35	0.0001866
24.36	0.0001866
24.37	0.0001866
24.38	0.0001866
24.39	0.0001866
24.4	0.0001866
24.41	0.0001866
24.42	0.0001866
24.43	0.0001866
24.44	0.0001866
24.45	0.0001866
24.46	0.0001866
24.47	0.0001866
24.48	0.0001866
24.49	0.0001866
24.5	0.0001866
24.51	0.0001866
24.52	0.0001866
24.53	0.0001866
24.54	0.0001866
24.55	0.0001866
24.56	0.0001866
24.57	0.0001866
24.58	0.0001866
24.59	0.0001866
24.6	0.0001866
24.61	0.0001866
24.62	0.0001866
24.63	0.0001866
24.64	0.0001866
24.65	0.0001866
24.66	0.0001866
24.67	0.0001866
24.68	0.0001866
24.69	0.0001866
24.7	0.0001866
24.71	0.0001866
24.72	0.0001866
24.73	0.0001866
24.74	0.0001866
24.75	0.0001866
24.76	0.0001866
24.77	0.0001866
24.78	0.0001866
24.79	0.0001866
24.8	0.0001866
24.81	0.0001866
24.82	0.0001866
24.83	0.0001866
24.84	0.0001866
24.85	0.0001866
24.86	0.0001866
24.87	0.0001866
24.88	0.0001866
24.89	0.0001866
24.9	0.0001866
24.91	0.0001866
24.92	0.0001866
24.93	0.0001866
24.94	0.0001866
24.95	0.0001866
24.96	0.0001866
24.97	0.0001866
24.98	0.0001866
24.99	0.0001866
25	0.0001866
25.01	0.0001866
25.02	0.0001866
25.03	0.0001866
25.04	0.0001866
25.05	0.0001866
25.06	0.0001866
25.07	0.0001866
25.08	0.0001866
25.09	0.0001866
25.1	0.0001866
25.11	0.0001866
25.12	0.0001866
25.13	0.0001866
25.14	0.0001866
25.15	0.0001866
25.16	0.0001866
25.17	0.0001866
25.18	0.0001866
25.19	0.0001866
25.2	0.0001866
25.21	0.0001866
25.22	0.0001866
25.23	0.0001866
25.24	0.0001866
25.25	0.0001866
25.26	0.0001866
25.27	0.0001866
25.28	0.0001866
25.29	0.0001866
25.3	0.0001866
25.31	0.0001866
25.32	0.0001866
25.33	0.0001866
25.34	0.0001866
25.35	0.0001866
25.36	0.0001866
25.37	0.0001866
25.38	0.0001866
25.39	0.0001866
25.4	0.0001866
25.41	0.0001866
25.42	0.0001866
25.43	0.0001866
25.44	0.0001866
25.45	0.0001866
25.46	0.0001866
25.47	0.0001866
25.48	0.0001866
25.49	0.0001866
25.5	0.0001866
25.51	0.0001866
25.52	0.0001866
25.53	0.0001866
25.54	0.0001866
25.55	0.0001866
25.56	0.0001866
25.57	0.0001866
25.58	0.0001866
25.59	0.0001866
25.6	0.0001866
25.61	0.0001866
25.62	0.0001866
25.63	0.0001866
25.64	0.0001866
25.65	0.0001866
25.66	0.0001866
25.67	0.0001866
25.68	0.0001866
25.69	0.0001866
25.7	0.0001866
25.71	0.0001866
25.72	0.0001866
25.73	0.0001866
25.74	0.0001866
25.75	0.0001866
25.76	0.0001866
25.77	0.0001866
25.78	0.0001866
25.79	0.0001866
25.8	0.0001866
25.81	0.0001866
25.82	0.0001866
25.83	0.0001866
25.84	0.0001866
25.85	0.0001866
25.86	0.0001866
25.87	0.0001866
25.88	0.0001866
25.89	0.0001866
25.9	0.0001866
25.91	0.0001866
25.92	0.0001866
25.93	0.0001866
25.94	0.0001866
25.95	0.0001866
25.96	0.0001866
25.97	0.0001866
25.98	0.0001866
25.99	0.0001866
26	0.0001866
26.01	0.0001866
26.02	0.0001866
26.03	0.0001866
26.04	0.0001866
26.05	0.0001866
26.06	0.0001866
26.07	0.0001866
26.08	0.0001866
26.09	0.0001866
26.1	0.0001866
26.11	0.0001866
26.12	0.0001866
26.13	0.0001866
26.14	0.0001866
26.15	0.0001866
26.16	0.0001866
26.17	0.0001866
26.18	0.0001866
26.19	0.0001866
26.2	0.0001866
26.21	0.0001866
26.22	0.0001866
26.23	0.0001866
26.24	0.0001866
26.25	0.0001866
26.26	0.0003732
26.27	0.00093301
26.28	0.00093301
26.29	0.00093301
26.3	0.00093301
26.31	0.00093301
26.32	0.00093301
26.33	0.00093301
26.34	0.00093301
26.35	0.00093301
26.36	0.00093301
26.37	0.00093301
26.38	0.00093301
26.39	0.00093301
26.4	0.00093301
26.41	0.00093301
26.42	0.00093301
26.43	0.00093301
26.44	0.00093301
26.45	0.00093301
26.46	0.00093301
26.47	0.00093301
26.48	0.00093301
26.49	0.00093301
26.5	0.00093301
26.51	0.00093301
26.52	0.00093301
26.53	0.00093301
26.54	0.00093301
26.55	0.00093301
26.56	0.00093301
26.57	0.00093301
26.58	0.00093301
26.59	0.00093301
26.6	0.00093301
26.61	0.00093301
26.62	0.00093301
26.63	0.00093301
26.64	0.00093301
26.65	0.00093301
26.66	0.00093301
26.67	0.00093301
26.68	0.00093301
26.69	0.00093301
26.7	0.00093301
26.71	0.00093301
26.72	0.00093301
26.73	0.00093301
26.74	0.00093301
26.75	0.00093301
26.76	0.00093301
26.77	0.00093301
26.78	0.00093301
26.79	0.00093301
26.8	0.00093301
26.81	0.00093301
26.82	0.00093301
26.83	0.00093301
26.84	0.00093301
26.85	0.00093301
26.86	0.00093301
26.87	0.00093301
26.88	0.00093301
26.89	0.00093301
26.9	0.00093301
26.91	0.00093301
26.92	0.00093301
26.93	0.00093301
26.94	0.00093301
26.95	0.00093301
26.96	0.00093301
26.97	0.00093301
26.98	0.00093301
26.99	0.00093301
27	0.00093301
27.01	0.00093301
27.02	0.00093301
27.03	0.00093301
27.04	0.00093301
27.05	0.00093301
27.06	0.00093301
27.07	0.00093301
27.08	0.00093301
27.09	0.00093301
27.1	0.00093301
27.11	0.00093301
27.12	0.00093301
27.13	0.00093301
27.14	0.00093301
27.15	0.00093301
27.16	0.00093301
27.17	0.00093301
27.18	0.00093301
27.19	0.00093301
27.2	0.00093301
27.21	0.00093301
27.22	0.00093301
27.23	0.00093301
27.24	0.00093301
27.25	0.00093301
27.26	0.00093301
27.27	0.00093301
27.28	0.00093301
27.29	0.00093301
27.3	0.00093301
27.31	0.00093301
27.32	0.00093301
27.33	0.00093301
27.34	0.00093301
27.35	0.00093301
27.36	0.00093301
27.37	0.00093301
27.38	0.00093301
27.39	0.00093301
27.4	0.00093301
27.41	0.00093301
27.42	0.00093301
27.43	0.00093301
27.44	0.00093301
27.45	0.00093301
27.46	0.00093301
27.47	0.00093301
27.48	0.00093301
27.49	0.0011196
27.5	0.0014928
27.51	0.0016794
27.52	0.0016794
27.53	0.0016794
27.54	0.0016794
27.55	0.0016794
27.56	0.0016794
27.57	0.0016794
27.58	0.0016794
27.59	0.0016794
27.6	0.0016794
27.61	0.0016794
27.62	0.0016794
27.63	0.0016794
27.64	0.0016794
27.65	0.0016794
27.66	0.0016794
27.67	0.0016794
27.68	0.0016794
27.69	0.0016794
27.7	0.0016794
27.71	0.0016794
27.72	0.0016794
27.73	0.0016794
27.74	0.0016794
27.75	0.0016794
27.76	0.0016794
27.77	0.0016794
27.78	0.0016794
27.79	0.0016794
27.8	0.0016794
27.81	0.0016794
27.82	0.0016794
27.83	0.0016794
27.84	0.0016794
27.85	0.0016794
27.86	0.0016794
27.87	0.0016794
27.88	0.0016794
27.89	0.0016794
27.9	0.0016794
27.91	0.0016794
27.92	0.0016794
27.93	0.0016794
27.94	0.0016794
27.95	0.0016794
27.96	0.0016794
27.97	0.0016794
27.98	0.0016794
27.99	0.0016794
28	0.0016794
28.01	0.0016794
28.02	0.0016794
28.03	0.0016794
28.04	0.0016794
28.05	0.0016794
28.06	0.0016794
28.07	0.0016794
28.08	0.0016794
28.09	0.0016794
28.1	0.0016794
28.11	0.0016794
28.12	0.0016794
28.13	0.0016794
28.14	0.0016794
28.15	0.0016794
28.16	0.0016794
28.17	0.0016794
28.18	0.0016794
28.19	0.0016794
28.2	0.0016794
28.21	0.0016794
28.22	0.0016794
28.23	0.0016794
28.24	0.0016794
28.25	0.0016794
28.26	0.0016794
28.27	0.0016794
28.28	0.0016794
28.29	0.0016794
28.3	0.0016794
28.31	0.0016794
28.32	0.0016794
28.33	0.0016794
28.34	0.0016794
28.35	0.0016794
28.36	0.0016794
28.37	0.0016794
28.38	0.0016794
28.39	0.0016794
28.4	0.0016794
28.41	0.0016794
28.42	0.0016794
28.43	0.0016794
28.44	0.001866
28.45	0.0022392
28.46	0.0022392
28.47	0.0024258
28.48	0.0024258
28.49	0.0024258
28.5	0.0024258
28.51	0.0024258
28.52	0.0024258
28.53	0.0024258
28.54	0.0024258
28.55	0.0024258
28.56	0.0024258
28.57	0.0024258
28.58	0.0024258
28.59	0.0024258
28.6	0.0024258
28.61	0.0024258
28.62	0.0024258
28.63	0.0024258
28.64	0.0024258
28.65	0.0024258
28.66	0.0024258
28.67	0.0024258
28.68	0.0024258
28.69	0.0024258
28.7	0.0024258
28.71	0.0024258
28.72	0.0024258
28.73	0.0024258
28.74	0.0024258
28.75	0.0024258
28.76	0.0024258
28.77	0.0024258
28.78	0.0024258
28.79	0.0024258
28.8	0.0024258
28.81	0.0024258
28.82	0.0024258
28.83	0.0024258
28.84	0.0024258
28.85	0.0024258
28.86	0.0024258
28.87	0.0024258
28.88	0.0024258
28.89	0.0024258
28.9	0.0024258
28.91	0.0024258
28.92	0.0024258
28.93	0.0024258
28.94	0.0024258
28.95	0.0024258
28.96	0.0024258
28.97	0.0024258
28.98	0.0024258
28.99	0.0024258
29	0.0024258
29.01	0.0026124
29.02	0.0031722
29.03	0.0033588
29.04	0.003732
29.05	0.0039186
29.06	0.0039186
29.07	0.0039186
29.08	0.0039186
29.09	0.0039186
29.1	0.0039186
29.11	0.0039186
29.12	0.0039186
29.13	0.0039186
29.14	0.0039186
29.15	0.0039186
29.16	0.0039186
29.17	0.0039186
29.18	0.0039186
29.19	0.0039186
29.2	0.0039186
29.21	0.0039186
29.22	0.0039186
29.23	0.0039186
29.24	0.0039186
29.25	0.0039186
29.26	0.0039186
29.27	0.0039186
29.28	0.0039186
29.29	0.0039186
29.3	0.0039186
29.31	0.0039186
29.32	0.0039186
29.33	0.0039186
29.34	0.0039186
29.35	0.0039186
29.36	0.0039186
29.37	0.0039186
29.38	0.0039186
29.39	0.0039186
29.4	0.0039186
29.41	0.0039186
29.42	0.0039186
29.43	0.0039186
29.44	0.0039186
29.45	0.0039186
29.46	0.0039186
29.47	0.0039186
29.48	0.0039186
29.49	0.0039186
29.5	0.0039186
29.51	0.0039186
29.52	0.0039186
29.53	0.0039186
29.54	0.0039186
29.55	0.0039186
29.56	0.0039186
29.57	0.0039186
29.58	0.0039186
29.59	0.0039186
29.6	0.0039186
29.61	0.0039186
29.62	0.0039186
29.63	0.0039186
29.64	0.0039186
29.65	0.0039186
29.66	0.0039186
29.67	0.0039186
29.68	0.0039186
29.69	0.0039186
29.7	0.0039186
29.71	0.0039186
29.72	0.0039186
29.73	0.0039186
29.74	0.0039186
29.75	0.0039186
29.76	0.0039186
29.77	0.0039186
29.78	0.0039186
29.79	0.0039186
29.8	0.0039186
29.81	0.0039186
29.82	0.0039186
29.83	0.0039186
29.84	0.0039186
29.85	0.0039186
29.86	0.0039186
29.87	0.0039186
29.88	0.0039186
29.89	0.0039186
29.9	0.0039186
29.91	0.0039186
29.92	0.0039186
29.93	0.0039186
29.94	0.0039186
29.95	0.0039186
29.96	0.0039186
29.97	0.0039186
29.98	0.0039186
29.99	0.0039186
30	0.0039186
30.01	0.0039186
30.02	0.0039186
30.03	0.0039186
30.04	0.0042918
30.05	0.0042918
30.06	0.0044784
30.07	0.0044784
30.08	0.004665
30.09	0.004665
30.1	0.004665
30.11	0.004665
30.12	0.004665
30.13	0.004665
30.14	0.004665
30.15	0.004665
30.16	0.004665
30.17	0.004665
30.18	0.004665
30.19	0.004665
30.2	0.0050383
30.21	0.0052249
30.22	0.0052249
30.23	0.0052249
30.24	0.0052249
30.25	0.0054115
30.26	0.0054115
30.27	0.0054115
30.28	0.0054115
30.29	0.0054115
30.3	0.0054115
30.31	0.0054115
30.32	0.0054115
30.33	0.0054115
30.34	0.0054115
30.35	0.0054115
30.36	0.0054115
30.37	0.0054115
30.38	0.0054115
30.39	0.0054115
30.4	0.0054115
30.41	0.0054115
30.42	0.0054115
30.43	0.0054115
30.44	0.0054115
30.45	0.0054115
30.46	0.0054115
30.47	0.0054115
30.48	0.0054115
30.49	0.0054115
30.5	0.0054115
30.51	0.0059713
30.52	0.0063445
30.53	0.0063445
30.54	0.0063445
30.55	0.0065311
30.56	0.0067177
30.57	0.0069043
30.58	0.0069043
30.59	0.0069043
30.6	0.0069043
30.61	0.0069043
30.62	0.0069043
30.63	0.0069043
30.64	0.0069043
30.65	0.0069043
30.66	0.0069043
30.67	0.0069043
30.68	0.0069043
30.69	0.0069043
30.7	0.0069043
30.71	0.0069043
30.72	0.0069043
30.73	0.0069043
30.74	0.0069043
30.75	0.0069043
30.76	0.0069043
30.77	0.0069043
30.78	0.0069043
30.79	0.0069043
30.8	0.0069043
30.81	0.0069043
30.82	0.0069043
30.83	0.0069043
30.84	0.0069043
30.85	0.0069043
30.86	0.0069043
30.87	0.0069043
30.88	0.0069043
30.89	0.0069043
30.9	0.0069043
30.91	0.0069043
30.92	0.0069043
30.93	0.0069043
30.94	0.0069043
30.95	0.0069043
30.96	0.0069043
30.97	0.0069043
30.98	0.0069043
30.99	0.0069043
31	0.0069043
31.01	0.0069043
31.02	0.0069043
31.03	0.0069043
31.04	0.0069043
31.05	0.0069043
31.06	0.0069043
31.07	0.0069043
31.08	0.0069043
31.09	0.0069043
31.1	0.0069043
31.11	0.0069043
31.12	0.0069043
31.13	0.0069043
31.14	0.0069043
31.15	0.0069043
31.16	0.0069043
31.17	0.0069043
31.18	0.0069043
31.19	0.0069043
31.2	0.0069043
31.21	0.0069043
31.22	0.0070909
31.23	0.0076507
31.24	0.0076507
31.25	0.0078373
31.26	0.0078373
31.27	0.0080239
31.28	0.0080239
31.29	0.0082105
31.3	0.0082105
31.31	0.0083971
31.32	0.0083971
31.33	0.0083971
31.34	0.0083971
31.35	0.0083971
31.36	0.0083971
31.37	0.0083971
31.38	0.0083971
31.39	0.0083971
31.4	0.0083971
31.41	0.0083971
31.42	0.0083971
31.43	0.0083971
31.44	0.0083971
31.45	0.0083971
31.46	0.0083971
31.47	0.0083971
31.48	0.0083971
31.49	0.0083971
31.5	0.0083971
31.51	0.0083971
31.52	0.0083971
31.53	0.0083971
31.54	0.0083971
31.55	0.0083971
31.56	0.0083971
31.57	0.0083971
31.58	0.0083971
31.59	0.0083971
31.6	0.0083971
31.61	0.0083971
31.62	0.0083971
31.63	0.0083971
31.64	0.0083971
31.65	0.0083971
31.66	0.0083971
31.67	0.0083971
31.68	0.0083971
31.69	0.0083971
31.7	0.0083971
31.71	0.0083971
31.72	0.0083971
31.73	0.0087703
31.74	0.0087703
31.75	0.0087703
31.76	0.0089569
31.77	0.0089569
31.78	0.0089569
31.79	0.0089569
31.8	0.0089569
31.81	0.0089569
31.82	0.0091435
31.83	0.0091435
31.84	0.0091435
31.85	0.0091435
31.86	0.0091435
31.87	0.0091435
31.88	0.0091435
31.89	0.0091435
31.9	0.0091435
31.91	0.0091435
31.92	0.0091435
31.93	0.0097033
31.94	0.0098899
31.95	0.010077
31.96	0.010077
31.97	0.010077
31.98	0.010263
31.99	0.010263
32	0.010263
32.01	0.010263
32.02	0.01045
32.03	0.01045
32.04	0.010636
32.05	0.010636
32.06	0.010636
32.07	0.010636
32.08	0.010636
32.09	0.010636
32.1	0.010636
32.11	0.010636
32.12	0.010636
32.13	0.010636
32.14	0.010636
32.15	0.010823
32.16	0.01101
32.17	0.01101
32.18	0.01101
32.19	0.01101
32.2	0.011196
32.21	0.011196
32.22	0.011196
32.23	0.011196
32.24	0.011196
32.25	0.011196
32.26	0.011383
32.27	0.011383
32.28	0.011383
32.29	0.011383
32.3	0.011383
32.31	0.011383
32.32	0.011383
32.33	0.011383
32.34	0.011383
32.35	0.011383
32.36	0.011383
32.37	0.011383
32.38	0.011383
32.39	0.011383
32.4	0.011383
32.41	0.011383
32.42	0.011383
32.43	0.011383
32.44	0.011383
32.45	0.011943
32.46	0.012129
32.47	0.012316
32.48	0.012316
32.49	0.012316
32.5	0.012316
32.51	0.012316
32.52	0.012316
32.53	0.012689
32.54	0.012689
32.55	0.012689
32.56	0.012689
32.57	0.012689
32.58	0.012689
32.59	0.012876
32.6	0.012876
32.61	0.012876
32.62	0.012876
32.63	0.012876
32.64	0.012876
32.65	0.012876
32.66	0.012876
32.67	0.012876
32.68	0.012876
32.69	0.012876
32.7	0.012876
32.71	0.012876
32.72	0.012876
32.73	0.012876
32.74	0.012876
32.75	0.012876
32.76	0.012876
32.77	0.012876
32.78	0.012876
32.79	0.012876
32.8	0.012876
32.81	0.012876
32.82	0.012876
32.83	0.012876
32.84	0.012876
32.85	0.012876
32.86	0.012876
32.87	0.012876
32.88	0.012876
32.89	0.012876
32.9	0.012876
32.91	0.012876
32.92	0.012876
32.93	0.012876
32.94	0.012876
32.95	0.012876
32.96	0.012876
32.97	0.012876
32.98	0.012876
32.99	0.012876
33	0.012876
33.01	0.012876
33.02	0.012876
33.03	0.012876
33.04	0.012876
33.05	0.012876
33.06	0.012876
33.07	0.012876
33.08	0.012876
33.09	0.012876
33.1	0.012876
33.11	0.013062
33.12	0.013249
33.13	0.013249
33.14	0.013249
33.15	0.013435
33.16	0.013435
33.17	0.013809
33.18	0.014182
33.19	0.014182
33.2	0.014182
33.21	0.014182
33.22	0.014368
33.23	0.014368
33.24	0.014368
33.25	0.014742
33.26	0.014928
33.27	0.015301
33.28	0.015675
33.29	0.015675
33.3	0.015861
33.31	0.015861
33.32	0.016048
33.33	0.016048
33.34	0.016234
33.35	0.016234
33.36	0.016234
33.37	0.016234
33.38	0.016234
33.39	0.016234
33.4	0.016234
33.41	0.016421
33.42	0.016421
33.43	0.016421
33.44	0.016421
33.45	0.016608
33.46	0.016608
33.47	0.016608
33.48	0.016608
33.49	0.016608
33.5	0.016608
33.51	0.016608
33.52	0.016608
33.53	0.016608
33.54	0.016608
33.55	0.016608
33.56	0.016608
33.57	0.016608
33.58	0.016608
33.59	0.016608
33.6	0.016608
33.61	0.016608
33.62	0.016608
33.63	0.016608
33.64	0.016794
33.65	0.016794
33.66	0.017354
33.67	0.017541
33.68	0.017541
33.69	0.017541
33.7	0.017541
33.71	0.017541
33.72	0.017541
33.73	0.017541
33.74	0.017541
33.75	0.017541
33.76	0.017727
33.77	0.017727
33.78	0.017727
33.79	0.017914
33.8	0.017914
33.81	0.017914
33.82	0.017914
33.83	0.017914
33.84	0.017914
33.85	0.017914
33.86	0.017914
33.87	0.017914
33.88	0.0181
33.89	0.0181
33.9	0.0181
33.91	0.0181
33.92	0.0181
33.93	0.0181
33.94	0.0181
33.95	0.0181
33.96	0.0181
33.97	0.0181
33.98	0.0181
33.99	0.0181
34	0.0181
34.01	0.0181
34.02	0.018474
34.03	0.018474
34.04	0.018474
34.05	0.018474
34.06	0.018474
34.07	0.018474
34.08	0.018474
34.09	0.018474
34.1	0.01866
34.11	0.01866
34.12	0.01866
34.13	0.01866
34.14	0.01866
34.15	0.01866
34.16	0.01866
34.17	0.01866
34.18	0.01866
34.19	0.01866
34.2	0.01866
34.21	0.01866
34.22	0.018847
34.23	0.019407
34.24	0.019593
34.25	0.019593
34.26	0.019593
34.27	0.01978
34.28	0.01978
34.29	0.01978
34.3	0.01978
34.31	0.01978
34.32	0.01978
34.33	0.01978
34.34	0.01978
34.35	0.01978
34.36	0.01978
34.37	0.019966
34.38	0.019966
34.39	0.020153
34.4	0.02034
34.41	0.02034
34.42	0.020526
34.43	0.020526
34.44	0.020526
34.45	0.020713
34.46	0.020713
34.47	0.020713
34.48	0.020713
34.49	0.020899
34.5	0.020899
34.51	0.021273
34.52	0.021273
34.53	0.021459
34.54	0.021832
34.55	0.021832
34.56	0.021832
34.57	0.021832
34.58	0.021832
34.59	0.022019
34.6	0.022019
34.61	0.022019
34.62	0.022019
34.63	0.022019
34.64	0.022019
34.65	0.022019
34.66	0.022019
34.67	0.022019
34.68	0.022206
34.69	0.022206
34.7	0.022206
34.71	0.022206
34.72	0.022206
34.73	0.022206
34.74	0.022206
34.75	0.022206
34.76	0.022392
34.77	0.022392
34.78	0.022392
34.79	0.022392
34.8	0.022579
34.81	0.022579
34.82	0.022579
34.83	0.023325
34.84	0.023325
34.85	0.023512
34.86	0.023512
34.87	0.023512
34.88	0.023512
34.89	0.023512
34.9	0.023512
34.91	0.023512
34.92	0.023512
34.93	0.023698
34.94	0.024072
34.95	0.024445
34.96	0.024445
34.97	0.024445
34.98	0.024445
34.99	0.024445
35	0.024445
35.01	0.024445
35.02	0.024631
35.03	0.024631
35.04	0.024631
35.05	0.024818
35.06	0.024818
35.07	0.025005
35.08	0.025005
35.09	0.025005
35.1	0.025005
35.11	0.025005
35.12	0.025005
35.13	0.025005
35.14	0.025005
35.15	0.025005
35.16	0.025005
35.17	0.025005
35.18	0.025005
35.19	0.025191
35.2	0.025378
35.21	0.025378
35.22	0.025378
35.23	0.025378
35.24	0.025378
35.25	0.025378
35.26	0.025378
35.27	0.025751
35.28	0.025751
35.29	0.025938
35.3	0.026124
35.31	0.026124
35.32	0.026311
35.33	0.026497
35.34	0.026497
35.35	0.026497
35.36	0.026497
35.37	0.026497
35.38	0.026497
35.39	0.026497
35.4	0.026497
35.41	0.026497
35.42	0.026497
35.43	0.026497
35.44	0.026497
35.45	0.026497
35.46	0.026497
35.47	0.026497
35.48	0.026497
35.49	0.026684
35.5	0.026871
35.51	0.026871
35.52	0.026871
35.53	0.026871
35.54	0.026871
35.55	0.026871
35.56	0.026871
35.57	0.026871
35.58	0.027057
35.59	0.027057
35.6	0.027057
35.61	0.027057
35.62	0.027057
35.63	0.027057
35.64	0.027057
35.65	0.027057
35.66	0.027617
35.67	0.027617
35.68	0.027804
35.69	0.027804
35.7	0.027804
35.71	0.027804
35.72	0.028177
35.73	0.028364
35.74	0.028737
35.75	0.028923
35.76	0.028923
35.77	0.028923
35.78	0.028923
35.79	0.02911
35.8	0.02911
35.81	0.02911
35.82	0.02911
35.83	0.02911
35.84	0.02911
35.85	0.029297
35.86	0.029297
35.87	0.02967
35.88	0.02967
35.89	0.029856
35.9	0.029856
35.91	0.030043
35.92	0.03023
35.93	0.03023
35.94	0.03023
35.95	0.030603
35.96	0.030789
35.97	0.030789
35.98	0.030976
35.99	0.030976
36	0.030976
36.01	0.031163
36.02	0.031163
36.03	0.031163
36.04	0.031163
36.05	0.031349
36.06	0.031349
36.07	0.031349
36.08	0.031349
36.09	0.031722
36.1	0.031909
36.11	0.031909
36.12	0.031909
36.13	0.032096
36.14	0.032096
36.15	0.032096
36.16	0.032096
36.17	0.032096
36.18	0.032096
36.19	0.032096
36.2	0.032469
36.21	0.032469
36.22	0.032469
36.23	0.032469
36.24	0.032469
36.25	0.032469
36.26	0.032469
36.27	0.032469
36.28	0.032469
36.29	0.032469
36.3	0.032655
36.31	0.032842
36.32	0.033029
36.33	0.033029
36.34	0.033029
36.35	0.033029
36.36	0.033402
36.37	0.033402
36.38	0.033402
36.39	0.033402
36.4	0.033588
36.41	0.033588
36.42	0.033775
36.43	0.033775
36.44	0.033775
36.45	0.033775
36.46	0.033775
36.47	0.033775
36.48	0.033775
36.49	0.033775
36.5	0.033775
36.51	0.033775
36.52	0.033775
36.53	0.033775
36.54	0.033962
36.55	0.034148
36.56	0.034335
36.57	0.034521
36.58	0.034708
36.59	0.034708
36.6	0.034895
36.61	0.034895
36.62	0.034895
36.63	0.034895
36.64	0.034895
36.65	0.034895
36.66	0.034895
36.67	0.035081
36.68	0.035081
36.69	0.035268
36.7	0.035268
36.71	0.035454
36.72	0.035454
36.73	0.035454
36.74	0.035454
36.75	0.035454
36.76	0.035454
36.77	0.035828
36.78	0.035828
36.79	0.036014
36.8	0.036014
36.81	0.036387
36.82	0.036574
36.83	0.036574
36.84	0.036574
36.85	0.037134
36.86	0.037134
36.87	0.037134
36.88	0.037134
36.89	0.037134
36.9	0.03732
36.91	0.037694
36.92	0.037694
36.93	0.037694
36.94	0.038067
36.95	0.038067
36.96	0.038067
36.97	0.038067
36.98	0.038253
36.99	0.038253
37	0.038253
37.01	0.03844
37.02	0.03844
37.03	0.038627
37.04	0.038813
37.05	0.039
37.06	0.039
37.07	0.039
37.08	0.039
37.09	0.039
37.1	0.039186
37.11	0.039186
37.12	0.039186
37.13	0.039186
37.14	0.039186
37.15	0.039373
37.16	0.03956
37.17	0.03956
37.18	0.03956
37.19	0.03956
37.2	0.039746
37.21	0.039746
37.22	0.040119
37.23	0.040119
37.24	0.040119
37.25	0.040119
37.26	0.040119
37.27	0.040119
37.28	0.040306
37.29	0.040306
37.3	0.040306
37.31	0.040493
37.32	0.040493
37.33	0.040866
37.34	0.040866
37.35	0.040866
37.36	0.040866
37.37	0.041052
37.38	0.041052
37.39	0.041052
37.4	0.041239
37.41	0.041239
37.42	0.041426
37.43	0.041985
37.44	0.041985
37.45	0.042172
37.46	0.042172
37.47	0.042172
37.48	0.042172
37.49	0.042359
37.5	0.042732
37.51	0.042732
37.52	0.042732
37.53	0.042732
37.54	0.042732
37.55	0.042918
37.56	0.042918
37.57	0.042918
37.58	0.043105
37.59	0.043105
37.6	0.043105
37.61	0.043105
37.62	0.043105
37.63	0.043105
37.64	0.043292
37.65	0.043478
37.66	0.043478
37.67	0.043478
37.68	0.043665
37.69	0.043665
37.7	0.043665
37.71	0.043665
37.72	0.043665
37.73	0.043665
37.74	0.043851
37.75	0.044038
37.76	0.044225
37.77	0.044225
37.78	0.044411
37.79	0.044411
37.8	0.044411
37.81	0.044411
37.82	0.044411
37.83	0.044784
37.84	0.044971
37.85	0.045158
37.86	0.045158
37.87	0.045344
37.88	0.045344
37.89	0.045344
37.9	0.045344
37.91	0.045531
37.92	0.045904
37.93	0.045904
37.94	0.045904
37.95	0.045904
37.96	0.045904
37.97	0.045904
37.98	0.045904
37.99	0.046091
38	0.046277
38.01	0.046464
38.02	0.046464
38.03	0.04665
38.04	0.04721
38.05	0.04721
38.06	0.047584
38.07	0.047957
38.08	0.047957
38.09	0.047957
38.1	0.047957
38.11	0.048143
38.12	0.04833
38.13	0.04833
38.14	0.04833
38.15	0.048517
38.16	0.048517
38.17	0.048517
38.18	0.048517
38.19	0.048517
38.2	0.048517
38.21	0.048517
38.22	0.048703
38.23	0.04889
38.24	0.04889
38.25	0.049076
38.26	0.049076
38.27	0.049263
38.28	0.04945
38.29	0.050009
38.3	0.050196
38.31	0.050196
38.32	0.050569
38.33	0.050569
38.34	0.050569
38.35	0.050756
38.36	0.050756
38.37	0.050756
38.38	0.050756
38.39	0.050942
38.4	0.050942
38.41	0.051129
38.42	0.051129
38.43	0.051316
38.44	0.051502
38.45	0.051502
38.46	0.051502
38.47	0.051689
38.48	0.051689
38.49	0.051689
38.5	0.051875
38.51	0.051875
38.52	0.051875
38.53	0.051875
38.54	0.051875
38.55	0.051875
38.56	0.051875
38.57	0.051875
38.58	0.051875
38.59	0.052062
38.6	0.052062
38.61	0.052062
38.62	0.052062
38.63	0.052062
38.64	0.052062
38.65	0.052062
38.66	0.052062
38.67	0.052249
38.68	0.052435
38.69	0.052435
38.7	0.052622
38.71	0.052622
38.72	0.052622
38.73	0.052622
38.74	0.052808
38.75	0.052808
38.76	0.052995
38.77	0.052995
38.78	0.053182
38.79	0.053368
38.8	0.053368
38.81	0.053368
38.82	0.053741
38.83	0.053741
38.84	0.053928
38.85	0.054488
38.86	0.054488
38.87	0.054488
38.88	0.054674
38.89	0.054674
38.9	0.054861
38.91	0.054861
38.92	0.055048
38.93	0.055048
38.94	0.055234
38.95	0.055607
38.96	0.055794
38.97	0.055981
38.98	0.056167
38.99	0.056354
39	0.056354
39.01	0.056354
39.02	0.056727
39.03	0.056727
39.04	0.056727
39.05	0.056727
39.06	0.056914
39.07	0.0571
39.08	0.057287
39.09	0.057473
39.1	0.057473
39.11	0.05766
39.12	0.05766
39.13	0.057847
39.14	0.057847
39.15	0.058033
39.16	0.05822
39.17	0.05822
39.18	0.05822
39.19	0.05822
39.2	0.05822
39.21	0.058406
39.22	0.058406
39.23	0.058406
39.24	0.058593
39.25	0.059153
39.26	0.059339
39.27	0.059899
39.28	0.059899
39.29	0.060086
39.3	0.060086
39.31	0.060086
39.32	0.060086
39.33	0.060086
39.34	0.060459
39.35	0.060459
39.36	0.060832
39.37	0.060832
39.38	0.060832
39.39	0.060832
39.4	0.060832
39.41	0.060832
39.42	0.060832
39.43	0.061019
39.44	0.061019
39.45	0.061205
39.46	0.061392
39.47	0.061392
39.48	0.061579
39.49	0.061579
39.5	0.061765
39.51	0.061765
39.52	0.061765
39.53	0.061765
39.54	0.061765
39.55	0.061952
39.56	0.061952
39.57	0.062138
39.58	0.062325
39.59	0.062512
39.6	0.062512
39.61	0.062698
39.62	0.062698
39.63	0.062698
39.64	0.062698
39.65	0.063071
39.66	0.063258
39.67	0.063258
39.68	0.063258
39.69	0.063258
39.7	0.063258
39.71	0.063445
39.72	0.063631
39.73	0.063818
39.74	0.063818
39.75	0.064004
39.76	0.064004
39.77	0.064191
39.78	0.064191
39.79	0.064191
39.8	0.064191
39.81	0.064378
39.82	0.064751
39.83	0.064937
39.84	0.064937
39.85	0.064937
39.86	0.064937
39.87	0.064937
39.88	0.065124
39.89	0.065311
39.9	0.065311
39.91	0.065497
39.92	0.065497
39.93	0.065684
39.94	0.06587
39.95	0.06643
39.96	0.066617
39.97	0.06699
39.98	0.06699
39.99	0.06699
40	0.067177
40.01	0.067177
40.02	0.06755
40.03	0.06755
40.04	0.06755
40.05	0.06755
40.06	0.06755
40.07	0.06755
40.08	0.067737
40.09	0.067737
40.1	0.067923
40.11	0.067923
40.12	0.06811
40.13	0.068296
40.14	0.068296
40.15	0.068296
40.16	0.068483
40.17	0.069043
40.18	0.069043
40.19	0.069043
40.2	0.069229
40.21	0.069416
40.22	0.069416
40.23	0.069416
40.24	0.069416
40.25	0.069603
40.26	0.069603
40.27	0.069789
40.28	0.069976
40.29	0.069976
40.3	0.069976
40.31	0.069976
40.32	0.070162
40.33	0.070349
40.34	0.070349
40.35	0.070349
40.36	0.070536
40.37	0.070536
40.38	0.070722
40.39	0.070722
40.4	0.070909
40.41	0.070909
40.42	0.071095
40.43	0.071282
40.44	0.071282
40.45	0.071282
40.46	0.071469
40.47	0.071469
40.48	0.071655
40.49	0.071842
40.5	0.072028
40.51	0.072028
40.52	0.072402
40.53	0.072588
40.54	0.072588
40.55	0.072961
40.56	0.072961
40.57	0.072961
40.58	0.073521
40.59	0.073521
40.6	0.073521
40.61	0.073521
40.62	0.073521
40.63	0.073521
40.64	0.073521
40.65	0.073521
40.66	0.073708
40.67	0.073894
40.68	0.074454
40.69	0.074454
40.7	0.074454
40.71	0.074641
40.72	0.074641
40.73	0.074641
40.74	0.074641
40.75	0.075201
40.76	0.075387
40.77	0.075574
40.78	0.075574
40.79	0.07576
40.8	0.07576
40.81	0.07576
40.82	0.075947
40.83	0.07632
40.84	0.07632
40.85	0.07632
40.86	0.076507
40.87	0.076507
40.88	0.07688
40.89	0.077067
40.9	0.077626
40.91	0.077626
40.92	0.077626
40.93	0.077626
40.94	0.077813
40.95	0.078
40.96	0.078186
40.97	0.078373
40.98	0.078559
40.99	0.078559
41	0.078559
41.01	0.078559
41.02	0.078933
41.03	0.079306
41.04	0.079306
41.05	0.079492
41.06	0.079492
41.07	0.079492
41.08	0.079492
41.09	0.079866
41.1	0.080239
41.11	0.080612
41.12	0.080799
41.13	0.080985
41.14	0.081358
41.15	0.081358
41.16	0.081358
41.17	0.081358
41.18	0.081545
41.19	0.081545
41.2	0.081545
41.21	0.081545
41.22	0.081545
41.23	0.081545
41.24	0.081545
41.25	0.081545
41.26	0.081545
41.27	0.081545
41.28	0.081545
41.29	0.081732
41.3	0.081918
41.31	0.081918
41.32	0.082105
41.33	0.082291
41.34	0.082478
41.35	0.082478
41.36	0.082665
41.37	0.082851
41.38	0.082851
41.39	0.083038
41.4	0.083038
41.41	0.083224
41.42	0.083411
41.43	0.083411
41.44	0.083411
41.45	0.083598
41.46	0.083598
41.47	0.083784
41.48	0.084157
41.49	0.084157
41.5	0.084157
41.51	0.084157
41.52	0.084157
41.53	0.084157
41.54	0.084157
41.55	0.084157
41.56	0.084344
41.57	0.084344
41.58	0.084344
41.59	0.084344
41.6	0.084344
41.61	0.084531
41.62	0.084531
41.63	0.084904
41.64	0.085277
41.65	0.085277
41.66	0.085277
41.67	0.085464
41.68	0.08565
41.69	0.085837
41.7	0.085837
41.71	0.085837
41.72	0.085837
41.73	0.085837
41.74	0.086024
41.75	0.08621
41.76	0.086397
41.77	0.086583
41.78	0.086583
41.79	0.086957
41.8	0.08733
41.81	0.08733
41.82	0.087516
41.83	0.087516
41.84	0.087703
41.85	0.087703
41.86	0.087703
41.87	0.088076
41.88	0.088636
41.89	0.088636
41.9	0.088823
41.91	0.088823
41.92	0.088823
41.93	0.089009
41.94	0.089009
41.95	0.089009
41.96	0.089196
41.97	0.089382
41.98	0.089756
41.99	0.090315
42	0.090315
42.01	0.090315
42.02	0.090502
42.03	0.090502
42.04	0.090875
42.05	0.090875
42.06	0.091062
42.07	0.091248
42.08	0.091622
42.09	0.091622
42.1	0.092181
42.11	0.092181
42.12	0.092181
42.13	0.092181
42.14	0.092555
42.15	0.092741
42.16	0.092741
42.17	0.092928
42.18	0.093301
42.19	0.093301
42.2	0.093301
42.21	0.093301
42.22	0.093301
42.23	0.093488
42.24	0.093674
42.25	0.093674
42.26	0.094234
42.27	0.094234
42.28	0.094234
42.29	0.094234
42.3	0.094234
42.31	0.094234
42.32	0.094234
42.33	0.094794
42.34	0.094794
42.35	0.09498
42.36	0.095167
42.37	0.095354
42.38	0.09554
42.39	0.09554
42.4	0.09554
42.41	0.095727
42.42	0.095727
42.43	0.095913
42.44	0.095913
42.45	0.0961
42.46	0.0961
42.47	0.0961
42.48	0.0961
42.49	0.096287
42.5	0.096473
42.51	0.096473
42.52	0.096473
42.53	0.096473
42.54	0.096846
42.55	0.097033
42.56	0.097033
42.57	0.097406
42.58	0.097406
42.59	0.097593
42.6	0.097593
42.61	0.097966
42.62	0.097966
42.63	0.097966
42.64	0.097966
42.65	0.097966
42.66	0.097966
42.67	0.098526
42.68	0.098899
42.69	0.098899
42.7	0.098899
42.71	0.099086
42.72	0.099086
42.73	0.099272
42.74	0.099459
42.75	0.099645
42.76	0.099832
42.77	0.10002
42.78	0.10021
42.79	0.10039
42.8	0.10058
42.81	0.10058
42.82	0.10077
42.83	0.10114
42.84	0.10132
42.85	0.10151
42.86	0.1017
42.87	0.1017
42.88	0.1017
42.89	0.1017
42.9	0.1017
42.91	0.10207
42.92	0.10207
42.93	0.10207
42.94	0.10226
42.95	0.10226
42.96	0.10244
42.97	0.10244
42.98	0.10244
42.99	0.10244
43	0.10263
43.01	0.10263
43.02	0.10319
43.03	0.10338
43.04	0.10356
43.05	0.10375
43.06	0.10394
43.07	0.10394
43.08	0.10412
43.09	0.10431
43.1	0.10431
43.11	0.10431
43.12	0.10468
43.13	0.10487
43.14	0.10487
43.15	0.10506
43.16	0.10506
43.17	0.10524
43.18	0.10524
43.19	0.10524
43.2	0.10524
43.21	0.10543
43.22	0.1058
43.23	0.1058
43.24	0.10599
43.25	0.10599
43.26	0.10599
43.27	0.10636
43.28	0.10655
43.29	0.10655
43.3	0.10655
43.31	0.10655
43.32	0.10655
43.33	0.10655
43.34	0.1073
43.35	0.1073
43.36	0.10748
43.37	0.10767
43.38	0.10767
43.39	0.10804
43.4	0.10804
43.41	0.10804
43.42	0.10823
43.43	0.10823
43.44	0.10823
43.45	0.10842
43.46	0.1086
43.47	0.10879
43.48	0.10879
43.49	0.10879
43.5	0.10916
43.51	0.10954
43.52	0.10954
43.53	0.10972
43.54	0.1101
43.55	0.1101
43.56	0.1101
43.57	0.11047
43.58	0.11047
43.59	0.11047
43.6	0.11047
43.61	0.11047
43.62	0.11047
43.63	0.11047
43.64	0.11065
43.65	0.11084
43.66	0.11103
43.67	0.11121
43.68	0.11159
43.69	0.11177
43.7	0.11196
43.71	0.11196
43.72	0.11196
43.73	0.11215
43.74	0.11215
43.75	0.11233
43.76	0.11233
43.77	0.11233
43.78	0.11233
43.79	0.11252
43.8	0.11271
43.81	0.11289
43.82	0.11308
43.83	0.11308
43.84	0.11308
43.85	0.11327
43.86	0.11364
43.87	0.11364
43.88	0.11383
43.89	0.11401
43.9	0.11401
43.91	0.1142
43.92	0.11439
43.93	0.11439
43.94	0.11457
43.95	0.11457
43.96	0.11457
43.97	0.11476
43.98	0.11495
43.99	0.11513
44	0.11569
44.01	0.11569
44.02	0.11588
44.03	0.11588
44.04	0.11607
44.05	0.11644
44.06	0.11644
44.07	0.11644
44.08	0.11644
44.09	0.11663
44.1	0.11663
44.11	0.11681
44.12	0.117
44.13	0.117
44.14	0.11719
44.15	0.11719
44.16	0.11719
44.17	0.11719
44.18	0.11719
44.19	0.11737
44.2	0.11737
44.21	0.11737
44.22	0.11756
44.23	0.11756
44.24	0.11756
44.25	0.11793
44.26	0.11812
44.27	0.11812
44.28	0.11812
44.29	0.11831
44.3	0.11849
44.31	0.11887
44.32	0.11887
44.33	0.11905
44.34	0.11924
44.35	0.11943
44.36	0.1198
44.37	0.12017
44.38	0.12036
44.39	0.12036
44.4	0.12036
44.41	0.12073
44.42	0.12092
44.43	0.12092
44.44	0.1211
44.45	0.12148
44.46	0.12185
44.47	0.12222
44.48	0.12222
44.49	0.12241
44.5	0.12241
44.51	0.1226
44.52	0.1226
44.53	0.1226
44.54	0.1226
44.55	0.12297
44.56	0.12316
44.57	0.12316
44.58	0.12316
44.59	0.12334
44.6	0.12372
44.61	0.12428
44.62	0.12446
44.63	0.12446
44.64	0.12446
44.65	0.12465
44.66	0.12465
44.67	0.12484
44.68	0.12502
44.69	0.12502
44.7	0.12521
44.71	0.1254
44.72	0.1254
44.73	0.12558
44.74	0.12558
44.75	0.12577
44.76	0.12577
44.77	0.12596
44.78	0.12633
44.79	0.12652
44.8	0.12652
44.81	0.1267
44.82	0.12708
44.83	0.12708
44.84	0.12708
44.85	0.12726
44.86	0.12745
44.87	0.12782
44.88	0.12782
44.89	0.12801
44.9	0.12801
44.91	0.1282
44.92	0.1282
44.93	0.12857
44.94	0.12857
44.95	0.12894
44.96	0.12894
44.97	0.12932
44.98	0.1295
44.99	0.1295
45	0.1295
45.01	0.1295
45.02	0.12969
45.03	0.12969
45.04	0.12969
45.05	0.12987
45.06	0.13006
45.07	0.13006
45.08	0.13025
45.09	0.13081
45.1	0.13081
45.11	0.13081
45.12	0.13081
45.13	0.13081
45.14	0.13081
45.15	0.13099
45.16	0.13099
45.17	0.13118
45.18	0.13118
45.19	0.13118
45.2	0.13137
45.21	0.13137
45.22	0.13137
45.23	0.13137
45.24	0.13137
45.25	0.13137
45.26	0.13174
45.27	0.13174
45.28	0.13174
45.29	0.13211
45.3	0.13211
45.31	0.1323
45.32	0.13249
45.33	0.13286
45.34	0.13286
45.35	0.13286
45.36	0.13286
45.37	0.13342
45.38	0.13342
45.39	0.13342
45.4	0.13361
45.41	0.13361
45.42	0.13361
45.43	0.13361
45.44	0.13361
45.45	0.13398
45.46	0.13417
45.47	0.13417
45.48	0.13417
45.49	0.13417
45.5	0.13435
45.51	0.13435
45.52	0.13454
45.53	0.13491
45.54	0.1351
45.55	0.13547
45.56	0.13547
45.57	0.13566
45.58	0.13585
45.59	0.13659
45.6	0.13659
45.61	0.13659
45.62	0.13678
45.63	0.13715
45.64	0.13715
45.65	0.13753
45.66	0.13771
45.67	0.13809
45.68	0.13846
45.69	0.13883
45.7	0.13883
45.71	0.13902
45.72	0.13902
45.73	0.13902
45.74	0.13921
45.75	0.13921
45.76	0.13958
45.77	0.13958
45.78	0.13958
45.79	0.13976
45.8	0.13976
45.81	0.13995
45.82	0.14014
45.83	0.14051
45.84	0.14051
45.85	0.1407
45.86	0.1407
45.87	0.14088
45.88	0.14144
45.89	0.14163
45.9	0.14163
45.91	0.14163
45.92	0.14182
45.93	0.14182
45.94	0.14182
45.95	0.142
45.96	0.14238
45.97	0.14238
45.98	0.14238
45.99	0.14238
46	0.14256
46.01	0.14275
46.02	0.14294
46.03	0.14294
46.04	0.14294
46.05	0.14294
46.06	0.14294
46.07	0.14312
46.08	0.14312
46.09	0.14312
46.1	0.14331
46.11	0.14331
46.12	0.1435
46.13	0.14368
46.14	0.14368
46.15	0.14387
46.16	0.14387
46.17	0.14387
46.18	0.14387
46.19	0.14406
46.2	0.14424
46.21	0.14424
46.22	0.14443
46.23	0.14462
46.24	0.14462
46.25	0.14462
46.26	0.14462
46.27	0.1448
46.28	0.1448
46.29	0.14536
46.3	0.14555
46.31	0.14574
46.32	0.14574
46.33	0.14574
46.34	0.14592
46.35	0.14592
46.36	0.14592
46.37	0.1463
46.38	0.14667
46.39	0.14686
46.4	0.14686
46.41	0.14704
46.42	0.14723
46.43	0.14742
46.44	0.1476
46.45	0.1476
46.46	0.1476
46.47	0.14779
46.48	0.14816
46.49	0.14816
46.5	0.14835
46.51	0.14854
46.52	0.14891
46.53	0.14891
46.54	0.14928
46.55	0.14928
46.56	0.14928
46.57	0.14928
46.58	0.14928
46.59	0.14947
46.6	0.14947
46.61	0.14947
46.62	0.14947
46.63	0.14947
46.64	0.14965
46.65	0.14984
46.66	0.15003
46.67	0.15003
46.68	0.1504
46.69	0.15059
46.7	0.15059
46.71	0.15059
46.72	0.15059
46.73	0.15077
46.74	0.15133
46.75	0.15133
46.76	0.15133
46.77	0.15152
46.78	0.15171
46.79	0.15171
46.8	0.15171
46.81	0.15171
46.82	0.15171
46.83	0.15208
46.84	0.15227
46.85	0.15227
46.86	0.15264
46.87	0.15301
46.88	0.1532
46.89	0.15339
46.9	0.15357
46.91	0.15357
46.92	0.15357
46.93	0.15376
46.94	0.15395
46.95	0.15413
46.96	0.15451
46.97	0.15451
46.98	0.15488
46.99	0.15488
47	0.15488
47.01	0.15525
47.02	0.15525
47.03	0.15525
47.04	0.15525
47.05	0.15525
47.06	0.15525
47.07	0.15525
47.08	0.15525
47.09	0.15544
47.1	0.15544
47.11	0.15563
47.12	0.15563
47.13	0.15563
47.14	0.15563
47.15	0.15581
47.16	0.15581
47.17	0.156
47.18	0.15637
47.19	0.15656
47.2	0.15656
47.21	0.15656
47.22	0.15656
47.23	0.15656
47.24	0.15656
47.25	0.15693
47.26	0.15693
47.27	0.15749
47.28	0.15749
47.29	0.15749
47.3	0.15768
47.31	0.15787
47.32	0.15805
47.33	0.15805
47.34	0.15824
47.35	0.15843
47.36	0.15861
47.37	0.15861
47.38	0.15898
47.39	0.15917
47.4	0.15936
47.41	0.15973
47.42	0.15973
47.43	0.15973
47.44	0.15973
47.45	0.15992
47.46	0.16029
47.47	0.16029
47.48	0.16029
47.49	0.16048
47.5	0.16104
47.51	0.16104
47.52	0.16122
47.53	0.16122
47.54	0.16122
47.55	0.16122
47.56	0.16197
47.57	0.16197
47.58	0.16197
47.59	0.16197
47.6	0.16216
47.61	0.16234
47.62	0.16253
47.63	0.16253
47.64	0.16253
47.65	0.16272
47.66	0.16272
47.67	0.16309
47.68	0.16309
47.69	0.16346
47.7	0.16346
47.71	0.16384
47.72	0.16384
47.73	0.1644
47.74	0.16477
47.75	0.16477
47.76	0.16496
47.77	0.16496
47.78	0.16496
47.79	0.16496
47.8	0.16496
47.81	0.16533
47.82	0.16533
47.83	0.16533
47.84	0.16552
47.85	0.16552
47.86	0.16552
47.87	0.1657
47.88	0.1657
47.89	0.1657
47.9	0.1657
47.91	0.1657
47.92	0.16589
47.93	0.16589
47.94	0.16626
47.95	0.16626
47.96	0.16626
47.97	0.16626
47.98	0.16626
47.99	0.16626
48	0.16626
48.01	0.16664
48.02	0.16682
48.03	0.16682
48.04	0.16682
48.05	0.1672
48.06	0.16757
48.07	0.16776
48.08	0.16776
48.09	0.16794
48.1	0.16794
48.11	0.16794
48.12	0.16794
48.13	0.16831
48.14	0.16887
48.15	0.16887
48.16	0.16906
48.17	0.16906
48.18	0.16925
48.19	0.17018
48.2	0.17037
48.21	0.17055
48.22	0.17055
48.23	0.17074
48.24	0.17093
48.25	0.17111
48.26	0.17111
48.27	0.17111
48.28	0.1713
48.29	0.17149
48.3	0.17186
48.31	0.17186
48.32	0.17205
48.33	0.17223
48.34	0.17261
48.35	0.17279
48.36	0.17279
48.37	0.17279
48.38	0.17279
48.39	0.17279
48.4	0.17279
48.41	0.17279
48.42	0.17279
48.43	0.17298
48.44	0.17317
48.45	0.17317
48.46	0.17317
48.47	0.17354
48.48	0.17373
48.49	0.17373
48.5	0.17391
48.51	0.1741
48.52	0.1741
48.53	0.17429
48.54	0.17429
48.55	0.17429
48.56	0.17429
48.57	0.17429
48.58	0.17447
48.59	0.17466
48.6	0.17485
48.61	0.17503
48.62	0.17503
48.63	0.17541
48.64	0.17541
48.65	0.17559
48.66	0.17559
48.67	0.17559
48.68	0.17578
48.69	0.17578
48.7	0.17578
48.71	0.17578
48.72	0.17597
48.73	0.17597
48.74	0.17615
48.75	0.17671
48.76	0.1769
48.77	0.17709
48.78	0.17709
48.79	0.17709
48.8	0.17727
48.81	0.17727
48.82	0.17727
48.83	0.17727
48.84	0.17746
48.85	0.17783
48.86	0.17802
48.87	0.17802
48.88	0.1782
48.89	0.1782
48.9	0.1782
48.91	0.17839
48.92	0.17858
48.93	0.17876
48.94	0.17895
48.95	0.17895
48.96	0.17932
48.97	0.17932
48.98	0.17951
48.99	0.17951
49	0.1797
49.01	0.17988
49.02	0.18007
49.03	0.18026
49.04	0.18044
49.05	0.18044
49.06	0.18063
49.07	0.18063
49.08	0.18063
49.09	0.18082
49.1	0.181
49.11	0.18119
49.12	0.18138
49.13	0.18138
49.14	0.18175
49.15	0.18175
49.16	0.18194
49.17	0.18212
49.18	0.1825
49.19	0.18268
49.2	0.18268
49.21	0.18268
49.22	0.18287
49.23	0.18324
49.24	0.18343
49.25	0.18362
49.26	0.1838
49.27	0.1838
49.28	0.1838
49.29	0.1838
49.3	0.1838
49.31	0.18399
49.32	0.18455
49.33	0.18474
49.34	0.18474
49.35	0.18548
49.36	0.18548
49.37	0.18548
49.38	0.18548
49.39	0.18548
49.4	0.18567
49.41	0.18567
49.42	0.18586
49.43	0.18586
49.44	0.18586
49.45	0.18604
49.46	0.18604
49.47	0.18604
49.48	0.18604
49.49	0.18623
49.5	0.18623
49.51	0.18623
49.52	0.18642
49.53	0.18679
49.54	0.18698
49.55	0.18698
49.56	0.18735
49.57	0.18735
49.58	0.18735
49.59	0.18735
49.6	0.18735
49.61	0.18735
49.62	0.18735
49.63	0.18735
49.64	0.18772
49.65	0.18791
49.66	0.18809
49.67	0.18828
49.68	0.18865
49.69	0.18884
49.7	0.18884
49.71	0.18921
49.72	0.1894
49.73	0.1894
49.74	0.1894
49.75	0.1894
49.76	0.18959
49.77	0.18977
49.78	0.18996
49.79	0.18996
49.8	0.18996
49.81	0.18996
49.82	0.19015
49.83	0.19033
49.84	0.19033
49.85	0.19033
49.86	0.19033
49.87	0.19033
49.88	0.19033
49.89	0.19089
49.9	0.19089
49.91	0.19108
49.92	0.19127
49.93	0.19127
49.94	0.19145
49.95	0.19145
49.96	0.19145
49.97	0.19145
49.98	0.19145
49.99	0.19164
50	0.19201
50.01	0.19257
50.02	0.19276
50.03	0.19276
50.04	0.19295
50.05	0.19313
50.06	0.19332
50.07	0.19351
50.08	0.19351
50.09	0.19407
50.1	0.19407
50.11	0.19425
50.12	0.19425
50.13	0.19425
50.14	0.19463
50.15	0.19463
50.16	0.19463
50.17	0.19481
50.18	0.195
50.19	0.19519
50.2	0.19519
50.21	0.19537
50.22	0.19537
50.23	0.19575
50.24	0.19575
50.25	0.19575
50.26	0.19575
50.27	0.19593
50.28	0.19593
50.29	0.19612
50.3	0.19612
50.31	0.19612
50.32	0.19631
50.33	0.19631
50.34	0.19631
50.35	0.19631
50.36	0.19668
50.37	0.19668
50.38	0.19668
50.39	0.19668
50.4	0.19668
50.41	0.19668
50.42	0.19705
50.43	0.19705
50.44	0.19742
50.45	0.19742
50.46	0.19742
50.47	0.19761
50.48	0.1978
50.49	0.1978
50.5	0.19817
50.51	0.19817
50.52	0.19817
50.53	0.19817
50.54	0.19817
50.55	0.19817
50.56	0.19836
50.57	0.19836
50.58	0.19854
50.59	0.19873
50.6	0.19873
50.61	0.19892
50.62	0.19892
50.63	0.19892
50.64	0.19892
50.65	0.1991
50.66	0.1991
50.67	0.1991
50.68	0.1991
50.69	0.1991
50.7	0.1991
50.71	0.1991
50.72	0.1991
50.73	0.19929
50.74	0.19929
50.75	0.19948
50.76	0.19966
50.77	0.19985
50.78	0.20004
50.79	0.20022
50.8	0.20022
50.81	0.20022
50.82	0.2006
50.83	0.20078
50.84	0.20078
50.85	0.20097
50.86	0.20116
50.87	0.20116
50.88	0.20134
50.89	0.20134
50.9	0.20153
50.91	0.20153
50.92	0.20172
50.93	0.2019
50.94	0.2019
50.95	0.20209
50.96	0.20209
50.97	0.20228
50.98	0.20228
50.99	0.20228
51	0.20228
51.01	0.20246
51.02	0.20265
51.03	0.20265
51.04	0.20284
51.05	0.20302
51.06	0.20302
51.07	0.20302
51.08	0.20302
51.09	0.2034
51.1	0.20396
51.11	0.20396
51.12	0.20414
51.13	0.20414
51.14	0.20414
51.15	0.20414
51.16	0.20433
51.17	0.20452
51.18	0.20526
51.19	0.20526
51.2	0.20545
51.21	0.20545
51.22	0.20545
51.23	0.2062
51.24	0.2062
51.25	0.20657
51.26	0.20694
51.27	0.20694
51.28	0.20713
51.29	0.20731
51.3	0.20731
51.31	0.20731
51.32	0.20731
51.33	0.20731
51.34	0.2075
51.35	0.2075
51.36	0.2075
51.37	0.2075
51.38	0.20787
51.39	0.20806
51.4	0.20825
51.41	0.20843
51.42	0.20862
51.43	0.20862
51.44	0.20862
51.45	0.20862
51.46	0.20862
51.47	0.20862
51.48	0.20862
51.49	0.20862
51.5	0.20881
51.51	0.20881
51.52	0.20899
51.53	0.20899
51.54	0.20918
51.55	0.20937
51.56	0.20993
51.57	0.21011
51.58	0.21011
51.59	0.21011
51.6	0.21011
51.61	0.21011
51.62	0.21011
51.63	0.21011
51.64	0.21011
51.65	0.2103
51.66	0.21086
51.67	0.21105
51.68	0.21105
51.69	0.21123
51.7	0.21123
51.71	0.21123
51.72	0.21123
51.73	0.21123
51.74	0.21179
51.75	0.21217
51.76	0.21217
51.77	0.21235
51.78	0.21254
51.79	0.21254
51.8	0.21291
51.81	0.21291
51.82	0.21291
51.83	0.2131
51.84	0.2131
51.85	0.21329
51.86	0.21366
51.87	0.21385
51.88	0.21385
51.89	0.21385
51.9	0.21385
51.91	0.21403
51.92	0.21403
51.93	0.21422
51.94	0.21422
51.95	0.21441
51.96	0.21441
51.97	0.21459
51.98	0.21478
51.99	0.21515
52	0.21534
52.01	0.21534
52.02	0.21534
52.03	0.21534
52.04	0.21534
52.05	0.21534
52.06	0.21553
52.07	0.21571
52.08	0.2159
52.09	0.2159
52.1	0.2159
52.11	0.2159
52.12	0.21609
52.13	0.21609
52.14	0.21609
52.15	0.21646
52.16	0.21702
52.17	0.21702
52.18	0.21702
52.19	0.21702
52.2	0.2172
52.21	0.2172
52.22	0.21739
52.23	0.21739
52.24	0.21739
52.25	0.21739
52.26	0.21758
52.27	0.21776
52.28	0.21795
52.29	0.21795
52.3	0.21814
52.31	0.21832
52.32	0.21832
52.33	0.21851
52.34	0.21851
52.35	0.2187
52.36	0.21888
52.37	0.21907
52.38	0.21926
52.39	0.21926
52.4	0.21944
52.41	0.21982
52.42	0.21982
52.43	0.21982
52.44	0.22
52.45	0.22
52.46	0.22019
52.47	0.22019
52.48	0.22038
52.49	0.22038
52.5	0.22056
52.51	0.22056
52.52	0.22056
52.53	0.22075
52.54	0.22075
52.55	0.22075
52.56	0.22075
52.57	0.22075
52.58	0.22075
52.59	0.22094
52.6	0.22094
52.61	0.22094
52.62	0.22112
52.63	0.22112
52.64	0.22112
52.65	0.22112
52.66	0.22112
52.67	0.22131
52.68	0.2215
52.69	0.2215
52.7	0.2215
52.71	0.22168
52.72	0.22168
52.73	0.22224
52.74	0.22224
52.75	0.22262
52.76	0.22262
52.77	0.22262
52.78	0.2228
52.79	0.2228
52.8	0.22299
52.81	0.22318
52.82	0.22318
52.83	0.22336
52.84	0.22355
52.85	0.22374
52.86	0.22374
52.87	0.2243
52.88	0.22448
52.89	0.22448
52.9	0.22448
52.91	0.22448
52.92	0.22467
52.93	0.22504
52.94	0.22504
52.95	0.22523
52.96	0.22542
52.97	0.22542
52.98	0.22542
52.99	0.22542
53	0.22542
53.01	0.2256
53.02	0.2256
53.03	0.2256
53.04	0.2256
53.05	0.2256
53.06	0.2256
53.07	0.2256
53.08	0.2256
53.09	0.22579
53.1	0.22579
53.11	0.22597
53.12	0.22597
53.13	0.22597
53.14	0.22635
53.15	0.22653
53.16	0.22653
53.17	0.22691
53.18	0.22691
53.19	0.22709
53.2	0.22709
53.21	0.22728
53.22	0.22728
53.23	0.22747
53.24	0.22821
53.25	0.2284
53.26	0.2284
53.27	0.22877
53.28	0.22877
53.29	0.22877
53.3	0.22896
53.31	0.22896
53.32	0.22896
53.33	0.22915
53.34	0.22915
53.35	0.22915
53.36	0.22915
53.37	0.22971
53.38	0.22971
53.39	0.22971
53.4	0.22989
53.41	0.22989
53.42	0.22989
53.43	0.22989
53.44	0.22989
53.45	0.23008
53.46	0.23008
53.47	0.23008
53.48	0.23008
53.49	0.23027
53.5	0.23064
53.51	0.23064
53.52	0.23064
53.53	0.23083
53.54	0.23083
53.55	0.23101
53.56	0.23101
53.57	0.23101
53.58	0.23101
53.59	0.23157
53.6	0.23157
53.61	0.23157
53.62	0.23176
53.63	0.23176
53.64	0.23176
53.65	0.23195
53.66	0.23232
53.67	0.23251
53.68	0.23251
53.69	0.23251
53.7	0.23288
53.71	0.23288
53.72	0.23288
53.73	0.23307
53.74	0.23307
53.75	0.23325
53.76	0.23325
53.77	0.23363
53.78	0.23363
53.79	0.234
53.8	0.23419
53.81	0.23419
53.82	0.23456
53.83	0.23456
53.84	0.23456
53.85	0.23456
53.86	0.23456
53.87	0.23475
53.88	0.23493
53.89	0.23493
53.9	0.23493
53.91	0.23493
53.92	0.23493
53.93	0.23493
53.94	0.23493
53.95	0.23531
53.96	0.23549
53.97	0.23624
53.98	0.23624
53.99	0.23624
54	0.23624
54.01	0.23642
54.02	0.2368
54.03	0.2368
54.04	0.23717
54.05	0.23717
54.06	0.23717
54.07	0.23717
54.08	0.23717
54.09	0.23736
54.1	0.23736
54.11	0.23736
54.12	0.23736
54.13	0.23736
54.14	0.23736
54.15	0.23736
54.16	0.23754
54.17	0.23754
54.18	0.23773
54.19	0.23773
54.2	0.23792
54.21	0.23792
54.22	0.23792
54.23	0.23792
54.24	0.23792
54.25	0.2381
54.26	0.2381
54.27	0.23829
54.28	0.23829
54.29	0.23829
54.3	0.23848
54.31	0.23866
54.32	0.23866
54.33	0.23866
54.34	0.23941
54.35	0.2396
54.36	0.23978
54.37	0.23997
54.38	0.24016
54.39	0.24053
54.4	0.24053
54.41	0.24053
54.42	0.24053
54.43	0.24072
54.44	0.24072
54.45	0.2409
54.46	0.24128
54.47	0.24146
54.48	0.24146
54.49	0.24165
54.5	0.24202
54.51	0.24202
54.52	0.24202
54.53	0.24202
54.54	0.24202
54.55	0.24221
54.56	0.24221
54.57	0.24221
54.58	0.2424
54.59	0.2424
54.6	0.24258
54.61	0.24277
54.62	0.24296
54.63	0.24314
54.64	0.24333
54.65	0.24333
54.66	0.24352
54.67	0.2437
54.68	0.2437
54.69	0.24408
54.7	0.24408
54.71	0.24426
54.72	0.24426
54.73	0.24426
54.74	0.24426
54.75	0.24482
54.76	0.24482
54.77	0.24482
54.78	0.24482
54.79	0.24482
54.8	0.24501
54.81	0.24501
54.82	0.24501
54.83	0.24501
54.84	0.24501
54.85	0.24538
54.86	0.24538
54.87	0.24538
54.88	0.24557
54.89	0.24557
54.9	0.24557
54.91	0.24594
54.92	0.24594
54.93	0.24594
54.94	0.24594
54.95	0.24594
54.96	0.24613
54.97	0.24613
54.98	0.24613
54.99	0.24613
55	0.24613
55.01	0.24613
55.02	0.24613
55.03	0.24613
55.04	0.24613
55.05	0.24613
55.06	0.24669
55.07	0.24706
55.08	0.24706
55.09	0.24706
55.1	0.24706
55.11	0.24725
55.12	0.24725
55.13	0.24725
55.14	0.24725
55.15	0.24725
55.16	0.24762
55.17	0.24762
55.18	0.24781
55.19	0.24781
55.2	0.24781
55.21	0.24781
55.22	0.24781
55.23	0.24781
55.24	0.24799
55.25	0.24818
55.26	0.24874
55.27	0.24874
55.28	0.24893
55.29	0.24911
55.3	0.24911
55.31	0.24911
55.32	0.24949
55.33	0.24967
55.34	0.24986
55.35	0.25005
55.36	0.25023
55.37	0.25023
55.38	0.25042
55.39	0.25079
55.4	0.25098
55.41	0.25098
55.42	0.25098
55.43	0.25098
55.44	0.25135
55.45	0.25135
55.46	0.25135
55.47	0.25154
55.48	0.25154
55.49	0.25173
55.5	0.25173
55.51	0.25191
55.52	0.25191
55.53	0.25247
55.54	0.25247
55.55	0.25247
55.56	0.25285
55.57	0.25303
55.58	0.25303
55.59	0.25303
55.6	0.25303
55.61	0.25322
55.62	0.25322
55.63	0.25341
55.64	0.25359
55.65	0.25359
55.66	0.25359
55.67	0.25359
55.68	0.25359
55.69	0.25359
55.7	0.25378
55.71	0.25378
55.72	0.25378
55.73	0.25378
55.74	0.25397
55.75	0.25397
55.76	0.25415
55.77	0.25415
55.78	0.25415
55.79	0.25453
55.8	0.25471
55.81	0.2549
55.82	0.2549
55.83	0.25508
55.84	0.25527
55.85	0.25527
55.86	0.25527
55.87	0.25546
55.88	0.25546
55.89	0.25546
55.9	0.25546
55.91	0.25564
55.92	0.25564
55.93	0.25564
55.94	0.25583
55.95	0.25583
55.96	0.25602
55.97	0.25602
55.98	0.2562
55.99	0.2562
56	0.25658
56.01	0.25658
56.02	0.25658
56.03	0.25658
56.04	0.25676
56.05	0.25695
56.06	0.25695
56.07	0.25714
56.08	0.25732
56.09	0.25732
56.1	0.25751
56.11	0.25751
56.12	0.25751
56.13	0.25751
56.14	0.2577
56.15	0.2577
56.16	0.2577
56.17	0.25788
56.18	0.25788
56.19	0.25788
56.2	0.25807
56.21	0.25807
56.22	0.25807
56.23	0.25826
56.24	0.25844
56.25	0.25844
56.26	0.25844
56.27	0.25844
56.28	0.25863
56.29	0.25882
56.3	0.25919
56.31	0.25919
56.32	0.25919
56.33	0.25919
56.34	0.25938
56.35	0.25938
56.36	0.25938
56.37	0.25956
56.38	0.25956
56.39	0.25975
56.4	0.25975
56.41	0.25994
56.42	0.25994
56.43	0.26012
56.44	0.26012
56.45	0.2605
56.46	0.26068
56.47	0.26087
56.48	0.26087
56.49	0.26087
56.5	0.26106
56.51	0.26106
56.52	0.26106
56.53	0.26124
56.54	0.26124
56.55	0.26143
56.56	0.26143
56.57	0.2618
56.58	0.2618
56.59	0.2618
56.6	0.2618
56.61	0.2618
56.62	0.2618
56.63	0.2618
56.64	0.26218
56.65	0.26218
56.66	0.26218
56.67	0.26218
56.68	0.26218
56.69	0.26218
56.7	0.26236
56.71	0.26236
56.72	0.26236
56.73	0.26236
56.74	0.26236
56.75	0.26236
56.76	0.26236
56.77	0.26236
56.78	0.26255
56.79	0.26255
56.8	0.26255
56.81	0.26274
56.82	0.26274
56.83	0.26274
56.84	0.26292
56.85	0.26311
56.86	0.26311
56.87	0.2633
56.88	0.2633
56.89	0.26348
56.9	0.26348
56.91	0.26367
56.92	0.26367
56.93	0.26367
56.94	0.26367
56.95	0.26386
56.96	0.26386
56.97	0.26386
56.98	0.26404
56.99	0.26423
57	0.26423
57.01	0.26423
57.02	0.2646
57.03	0.26479
57.04	0.26479
57.05	0.26516
57.06	0.26516
57.07	0.26553
57.08	0.26553
57.09	0.26553
57.1	0.26553
57.11	0.26572
57.12	0.26609
57.13	0.26609
57.14	0.26609
57.15	0.26609
57.16	0.26628
57.17	0.26628
57.18	0.26628
57.19	0.26628
57.2	0.26665
57.21	0.26665
57.22	0.26665
57.23	0.26684
57.24	0.26684
57.25	0.26703
57.26	0.26703
57.27	0.26703
57.28	0.26703
57.29	0.26721
57.3	0.26721
57.31	0.26759
57.32	0.26777
57.33	0.26796
57.34	0.26796
57.35	0.26796
57.36	0.26815
57.37	0.26833
57.38	0.26833
57.39	0.26833
57.4	0.26833
57.41	0.26852
57.42	0.26852
57.43	0.26871
57.44	0.26871
57.45	0.26871
57.46	0.26871
57.47	0.26908
57.48	0.26927
57.49	0.26927
57.5	0.26927
57.51	0.26927
57.52	0.26927
57.53	0.26927
57.54	0.26945
57.55	0.26945
57.56	0.26945
57.57	0.26945
57.58	0.26945
57.59	0.26983
57.6	0.26983
57.61	0.27001
57.62	0.27001
57.63	0.27001
57.64	0.27001
57.65	0.27001
57.66	0.27001
57.67	0.2702
57.68	0.2702
57.69	0.27039
57.7	0.27057
57.71	0.27076
57.72	0.27076
57.73	0.27076
57.74	0.27095
57.75	0.27095
57.76	0.27095
57.77	0.27113
57.78	0.27113
57.79	0.27132
57.8	0.27151
57.81	0.27169
57.82	0.27169
57.83	0.27169
57.84	0.27169
57.85	0.27188
57.86	0.27207
57.87	0.27207
57.88	0.27207
57.89	0.27225
57.9	0.27225
57.91	0.27225
57.92	0.27244
57.93	0.27281
57.94	0.273
57.95	0.273
57.96	0.273
57.97	0.273
57.98	0.27337
57.99	0.27337
58	0.27356
58.01	0.27356
58.02	0.27375
58.03	0.27393
58.04	0.27393
58.05	0.27412
58.06	0.2743
58.07	0.27468
58.08	0.27486
58.09	0.27486
58.1	0.27486
58.11	0.27486
58.12	0.27486
58.13	0.27505
58.14	0.27505
58.15	0.27505
58.16	0.27505
58.17	0.27505
58.18	0.27505
58.19	0.27524
58.2	0.27524
58.21	0.27524
58.22	0.27542
58.23	0.27561
58.24	0.27561
58.25	0.27561
58.26	0.27561
58.27	0.27598
58.28	0.27598
58.29	0.27598
58.3	0.27617
58.31	0.27636
58.32	0.27654
58.33	0.27673
58.34	0.27673
58.35	0.27692
58.36	0.27692
58.37	0.27692
58.38	0.27692
58.39	0.27692
58.4	0.27692
58.41	0.27692
58.42	0.27692
58.43	0.27692
58.44	0.27692
58.45	0.2771
58.46	0.27729
58.47	0.27729
58.48	0.27729
58.49	0.27729
58.5	0.27729
58.51	0.27748
58.52	0.27766
58.53	0.27766
58.54	0.27804
58.55	0.27804
58.56	0.27804
58.57	0.27822
58.58	0.27841
58.59	0.27841
58.6	0.2786
58.61	0.2786
58.62	0.2786
58.63	0.2786
58.64	0.2786
58.65	0.2786
58.66	0.2786
58.67	0.27878
58.68	0.27878
58.69	0.27878
58.7	0.27897
58.71	0.27916
58.72	0.27916
58.73	0.27916
58.74	0.27916
58.75	0.27934
58.76	0.27972
58.77	0.2799
58.78	0.2799
58.79	0.28009
58.8	0.28028
58.81	0.28046
58.82	0.28065
58.83	0.28065
58.84	0.28084
58.85	0.28084
58.86	0.28084
58.87	0.28084
58.88	0.28084
58.89	0.28121
58.9	0.28177
58.91	0.28177
58.92	0.28177
58.93	0.28177
58.94	0.28196
58.95	0.28196
58.96	0.28214
58.97	0.28214
58.98	0.28214
58.99	0.28214
59	0.28214
59.01	0.28214
59.02	0.28233
59.03	0.28233
59.04	0.28233
59.05	0.28252
59.06	0.28252
59.07	0.28252
59.08	0.2827
59.09	0.28289
59.1	0.28308
59.11	0.28326
59.12	0.28345
59.13	0.28345
59.14	0.28345
59.15	0.28364
59.16	0.28364
59.17	0.28382
59.18	0.28382
59.19	0.28382
59.2	0.28382
59.21	0.28419
