0	0.0001866
0.01	0.0001866
0.02	0.0001866
0.03	0.0001866
0.04	0.0001866
0.05	0.0001866
0.06	0.0001866
0.07	0.0001866
0.08	0.0001866
0.09	0.0001866
0.1	0.0001866
0.11	0.0001866
0.12	0.0001866
0.13	0.0001866
0.14	0.0001866
0.15	0.0001866
0.16	0.0001866
0.17	0.0001866
0.18	0.0001866
0.19	0.0001866
0.2	0.0001866
0.21	0.0001866
0.22	0.0001866
0.23	0.0001866
0.24	0.0001866
0.25	0.0001866
0.26	0.0001866
0.27	0.0001866
0.28	0.0001866
0.29	0.0001866
0.3	0.0001866
0.31	0.0001866
0.32	0.0001866
0.33	0.0001866
0.34	0.0001866
0.35	0.0001866
0.36	0.0001866
0.37	0.0001866
0.38	0.0001866
0.39	0.0001866
0.4	0.0001866
0.41	0.0001866
0.42	0.0001866
0.43	0.0001866
0.44	0.0001866
0.45	0.0001866
0.46	0.0001866
0.47	0.0001866
0.48	0.0001866
0.49	0.0001866
0.5	0.0001866
0.51	0.0001866
0.52	0.0001866
0.53	0.0001866
0.54	0.0001866
0.55	0.0001866
0.56	0.0001866
0.57	0.0001866
0.58	0.0001866
0.59	0.0001866
0.6	0.0001866
0.61	0.0001866
0.62	0.0001866
0.63	0.0001866
0.64	0.0001866
0.65	0.0001866
0.66	0.0001866
0.67	0.0001866
0.68	0.0001866
0.69	0.0001866
0.7	0.0001866
0.71	0.0001866
0.72	0.0001866
0.73	0.0001866
0.74	0.0001866
0.75	0.0001866
0.76	0.0001866
0.77	0.0001866
0.78	0.0001866
0.79	0.0001866
0.8	0.0001866
0.81	0.0001866
0.82	0.0001866
0.83	0.0001866
0.84	0.0001866
0.85	0.0001866
0.86	0.0001866
0.87	0.0001866
0.88	0.0001866
0.89	0.0001866
0.9	0.0001866
0.91	0.0001866
0.92	0.0001866
0.93	0.0001866
0.94	0.0001866
0.95	0.0001866
0.96	0.0001866
0.97	0.0001866
0.98	0.0001866
0.99	0.0001866
1	0.0001866
1.01	0.0001866
1.02	0.0001866
1.03	0.0001866
1.04	0.0001866
1.05	0.0001866
1.06	0.0001866
1.07	0.0001866
1.08	0.0001866
1.09	0.0001866
1.1	0.0001866
1.11	0.0001866
1.12	0.0001866
1.13	0.0001866
1.14	0.0001866
1.15	0.0001866
1.16	0.0001866
1.17	0.0001866
1.18	0.0001866
1.19	0.0001866
1.2	0.0001866
1.21	0.0001866
1.22	0.0001866
1.23	0.0001866
1.24	0.0001866
1.25	0.0001866
1.26	0.0001866
1.27	0.0001866
1.28	0.0001866
1.29	0.0001866
1.3	0.0001866
1.31	0.0001866
1.32	0.0001866
1.33	0.0001866
1.34	0.0001866
1.35	0.0001866
1.36	0.0001866
1.37	0.0001866
1.38	0.0001866
1.39	0.0001866
1.4	0.0001866
1.41	0.0001866
1.42	0.0001866
1.43	0.0001866
1.44	0.0001866
1.45	0.0001866
1.46	0.0001866
1.47	0.0001866
1.48	0.0001866
1.49	0.0001866
1.5	0.0001866
1.51	0.0001866
1.52	0.0001866
1.53	0.0001866
1.54	0.0001866
1.55	0.0001866
1.56	0.0001866
1.57	0.0001866
1.58	0.0001866
1.59	0.0001866
1.6	0.0001866
1.61	0.0001866
1.62	0.0001866
1.63	0.0001866
1.64	0.0001866
1.65	0.0001866
1.66	0.0001866
1.67	0.0001866
1.68	0.0001866
1.69	0.0001866
1.7	0.0001866
1.71	0.0001866
1.72	0.0001866
1.73	0.0001866
1.74	0.0001866
1.75	0.0001866
1.76	0.0001866
1.77	0.0001866
1.78	0.0001866
1.79	0.0001866
1.8	0.0001866
1.81	0.0001866
1.82	0.0001866
1.83	0.0001866
1.84	0.0001866
1.85	0.0001866
1.86	0.0001866
1.87	0.0001866
1.88	0.0001866
1.89	0.0001866
1.9	0.0001866
1.91	0.0001866
1.92	0.0001866
1.93	0.0001866
1.94	0.0001866
1.95	0.0001866
1.96	0.0001866
1.97	0.0001866
1.98	0.0001866
1.99	0.0001866
2	0.0001866
2.01	0.0001866
2.02	0.0001866
2.03	0.0001866
2.04	0.0001866
2.05	0.0001866
2.06	0.0001866
2.07	0.0001866
2.08	0.0001866
2.09	0.0001866
2.1	0.0001866
2.11	0.0001866
2.12	0.0001866
2.13	0.0001866
2.14	0.0001866
2.15	0.0001866
2.16	0.0001866
2.17	0.0001866
2.18	0.0001866
2.19	0.0001866
2.2	0.0001866
2.21	0.0001866
2.22	0.0001866
2.23	0.0001866
2.24	0.0001866
2.25	0.0001866
2.26	0.0001866
2.27	0.0001866
2.28	0.0001866
2.29	0.0001866
2.3	0.0001866
2.31	0.0001866
2.32	0.0001866
2.33	0.0001866
2.34	0.0001866
2.35	0.0001866
2.36	0.0001866
2.37	0.0001866
2.38	0.0001866
2.39	0.0001866
2.4	0.0001866
2.41	0.0001866
2.42	0.0001866
2.43	0.0001866
2.44	0.0001866
2.45	0.0001866
2.46	0.0001866
2.47	0.0001866
2.48	0.0001866
2.49	0.0001866
2.5	0.0001866
2.51	0.0001866
2.52	0.0001866
2.53	0.0001866
2.54	0.0001866
2.55	0.0001866
2.56	0.0001866
2.57	0.0001866
2.58	0.0001866
2.59	0.0001866
2.6	0.0001866
2.61	0.0001866
2.62	0.0001866
2.63	0.0001866
2.64	0.0001866
2.65	0.0001866
2.66	0.0001866
2.67	0.0001866
2.68	0.0001866
2.69	0.0001866
2.7	0.0001866
2.71	0.0001866
2.72	0.0001866
2.73	0.0001866
2.74	0.0001866
2.75	0.0001866
2.76	0.0001866
2.77	0.0001866
2.78	0.0001866
2.79	0.0001866
2.8	0.0001866
2.81	0.0001866
2.82	0.0001866
2.83	0.0001866
2.84	0.0001866
2.85	0.0001866
2.86	0.0001866
2.87	0.0001866
2.88	0.0001866
2.89	0.0001866
2.9	0.0001866
2.91	0.0001866
2.92	0.0001866
2.93	0.0001866
2.94	0.0001866
2.95	0.0001866
2.96	0.0001866
2.97	0.0001866
2.98	0.0001866
2.99	0.0001866
3	0.0001866
3.01	0.0001866
3.02	0.0001866
3.03	0.0001866
3.04	0.0001866
3.05	0.0001866
3.06	0.0001866
3.07	0.0001866
3.08	0.0001866
3.09	0.0001866
3.1	0.0001866
3.11	0.0001866
3.12	0.0001866
3.13	0.0001866
3.14	0.0001866
3.15	0.0001866
3.16	0.0001866
3.17	0.0001866
3.18	0.0001866
3.19	0.0001866
3.2	0.0001866
3.21	0.0001866
3.22	0.0001866
3.23	0.0001866
3.24	0.0001866
3.25	0.0001866
3.26	0.0001866
3.27	0.0001866
3.28	0.0001866
3.29	0.0001866
3.3	0.0001866
3.31	0.0001866
3.32	0.0001866
3.33	0.0001866
3.34	0.0001866
3.35	0.0001866
3.36	0.0001866
3.37	0.0001866
3.38	0.0001866
3.39	0.0001866
3.4	0.0001866
3.41	0.0001866
3.42	0.0001866
3.43	0.0001866
3.44	0.0001866
3.45	0.0001866
3.46	0.0001866
3.47	0.0001866
3.48	0.0001866
3.49	0.0001866
3.5	0.0001866
3.51	0.0001866
3.52	0.0001866
3.53	0.0001866
3.54	0.0001866
3.55	0.0001866
3.56	0.0001866
3.57	0.0001866
3.58	0.0001866
3.59	0.0001866
3.6	0.0001866
3.61	0.0001866
3.62	0.0001866
3.63	0.0001866
3.64	0.0001866
3.65	0.0001866
3.66	0.0001866
3.67	0.0001866
3.68	0.0001866
3.69	0.0001866
3.7	0.0001866
3.71	0.0001866
3.72	0.0001866
3.73	0.0001866
3.74	0.0001866
3.75	0.0001866
3.76	0.0001866
3.77	0.0001866
3.78	0.0001866
3.79	0.0001866
3.8	0.0001866
3.81	0.0001866
3.82	0.0001866
3.83	0.0001866
3.84	0.0001866
3.85	0.0001866
3.86	0.0001866
3.87	0.0001866
3.88	0.0001866
3.89	0.0001866
3.9	0.0001866
3.91	0.0001866
3.92	0.0001866
3.93	0.0001866
3.94	0.0001866
3.95	0.0001866
3.96	0.0001866
3.97	0.0001866
3.98	0.0001866
3.99	0.0001866
4	0.0001866
4.01	0.0001866
4.02	0.0001866
4.03	0.0001866
4.04	0.0001866
4.05	0.0001866
4.06	0.0001866
4.07	0.0001866
4.08	0.0001866
4.09	0.0001866
4.1	0.0001866
4.11	0.0001866
4.12	0.0001866
4.13	0.0001866
4.14	0.0001866
4.15	0.0001866
4.16	0.0001866
4.17	0.0001866
4.18	0.0001866
4.19	0.0001866
4.2	0.0001866
4.21	0.0001866
4.22	0.0001866
4.23	0.0001866
4.24	0.0001866
4.25	0.0001866
4.26	0.0001866
4.27	0.0001866
4.28	0.0001866
4.29	0.0001866
4.3	0.0001866
4.31	0.0001866
4.32	0.0001866
4.33	0.0001866
4.34	0.0001866
4.35	0.0001866
4.36	0.0001866
4.37	0.0001866
4.38	0.0001866
4.39	0.0001866
4.4	0.0001866
4.41	0.0001866
4.42	0.0001866
4.43	0.0001866
4.44	0.0001866
4.45	0.0001866
4.46	0.0001866
4.47	0.0001866
4.48	0.0001866
4.49	0.0001866
4.5	0.0001866
4.51	0.0001866
4.52	0.0001866
4.53	0.0001866
4.54	0.0001866
4.55	0.0001866
4.56	0.0001866
4.57	0.0001866
4.58	0.0001866
4.59	0.0001866
4.6	0.0001866
4.61	0.0001866
4.62	0.0001866
4.63	0.0001866
4.64	0.0001866
4.65	0.0001866
4.66	0.0001866
4.67	0.0001866
4.68	0.0001866
4.69	0.0001866
4.7	0.0001866
4.71	0.0001866
4.72	0.0001866
4.73	0.0001866
4.74	0.0001866
4.75	0.0001866
4.76	0.0001866
4.77	0.0001866
4.78	0.0001866
4.79	0.0001866
4.8	0.0001866
4.81	0.0001866
4.82	0.0001866
4.83	0.0001866
4.84	0.0001866
4.85	0.0001866
4.86	0.0001866
4.87	0.0001866
4.88	0.0001866
4.89	0.0001866
4.9	0.0001866
4.91	0.0001866
4.92	0.0001866
4.93	0.0001866
4.94	0.0001866
4.95	0.0001866
4.96	0.0001866
4.97	0.0001866
4.98	0.0001866
4.99	0.0001866
5	0.0001866
5.01	0.0001866
5.02	0.0001866
5.03	0.0001866
5.04	0.0001866
5.05	0.0001866
5.06	0.0001866
5.07	0.0001866
5.08	0.0001866
5.09	0.0001866
5.1	0.0001866
5.11	0.0001866
5.12	0.0001866
5.13	0.0001866
5.14	0.0001866
5.15	0.0001866
5.16	0.0001866
5.17	0.0001866
5.18	0.0001866
5.19	0.0001866
5.2	0.0001866
5.21	0.0001866
5.22	0.0001866
5.23	0.0001866
5.24	0.0001866
5.25	0.0001866
5.26	0.0001866
5.27	0.0001866
5.28	0.0001866
5.29	0.0001866
5.3	0.0001866
5.31	0.0001866
5.32	0.0001866
5.33	0.0001866
5.34	0.0001866
5.35	0.0001866
5.36	0.0001866
5.37	0.0001866
5.38	0.0001866
5.39	0.0001866
5.4	0.0001866
5.41	0.0001866
5.42	0.0001866
5.43	0.0001866
5.44	0.0001866
5.45	0.0001866
5.46	0.0001866
5.47	0.0001866
5.48	0.0001866
5.49	0.0001866
5.5	0.0001866
5.51	0.0001866
5.52	0.0001866
5.53	0.0001866
5.54	0.0001866
5.55	0.0001866
5.56	0.0001866
5.57	0.0001866
5.58	0.0001866
5.59	0.0001866
5.6	0.0001866
5.61	0.0001866
5.62	0.0001866
5.63	0.0001866
5.64	0.0001866
5.65	0.0001866
5.66	0.0001866
5.67	0.0001866
5.68	0.0001866
5.69	0.0001866
5.7	0.0001866
5.71	0.0001866
5.72	0.0001866
5.73	0.0001866
5.74	0.0001866
5.75	0.0001866
5.76	0.0001866
5.77	0.0001866
5.78	0.0001866
5.79	0.0001866
5.8	0.0001866
5.81	0.0001866
5.82	0.0001866
5.83	0.0001866
5.84	0.0001866
5.85	0.0001866
5.86	0.0001866
5.87	0.0001866
5.88	0.0001866
5.89	0.0001866
5.9	0.0001866
5.91	0.0001866
5.92	0.0001866
5.93	0.0001866
5.94	0.0001866
5.95	0.0001866
5.96	0.0001866
5.97	0.0001866
5.98	0.0001866
5.99	0.0001866
6	0.0001866
6.01	0.0001866
6.02	0.0001866
6.03	0.0001866
6.04	0.0001866
6.05	0.0001866
6.06	0.0001866
6.07	0.0001866
6.08	0.0001866
6.09	0.0001866
6.1	0.0001866
6.11	0.0001866
6.12	0.0001866
6.13	0.0001866
6.14	0.0001866
6.15	0.0001866
6.16	0.0001866
6.17	0.0001866
6.18	0.0001866
6.19	0.0001866
6.2	0.0001866
6.21	0.0001866
6.22	0.0001866
6.23	0.0001866
6.24	0.0001866
6.25	0.0001866
6.26	0.0001866
6.27	0.0001866
6.28	0.0001866
6.29	0.0001866
6.3	0.0001866
6.31	0.0001866
6.32	0.0001866
6.33	0.0001866
6.34	0.0001866
6.35	0.0001866
6.36	0.0001866
6.37	0.0001866
6.38	0.0001866
6.39	0.0001866
6.4	0.0001866
6.41	0.0001866
6.42	0.0001866
6.43	0.0001866
6.44	0.0001866
6.45	0.0001866
6.46	0.0001866
6.47	0.0001866
6.48	0.0001866
6.49	0.0001866
6.5	0.0001866
6.51	0.0001866
6.52	0.0001866
6.53	0.0001866
6.54	0.0001866
6.55	0.0001866
6.56	0.0001866
6.57	0.0001866
6.58	0.0001866
6.59	0.0001866
6.6	0.0001866
6.61	0.0001866
6.62	0.0001866
6.63	0.0001866
6.64	0.0001866
6.65	0.0001866
6.66	0.0001866
6.67	0.0001866
6.68	0.0001866
6.69	0.0001866
6.7	0.0001866
6.71	0.0001866
6.72	0.0001866
6.73	0.0001866
6.74	0.0001866
6.75	0.0001866
6.76	0.0001866
6.77	0.0001866
6.78	0.0001866
6.79	0.0001866
6.8	0.0001866
6.81	0.0001866
6.82	0.0001866
6.83	0.0001866
6.84	0.0001866
6.85	0.0001866
6.86	0.0001866
6.87	0.0001866
6.88	0.0001866
6.89	0.0001866
6.9	0.0001866
6.91	0.0001866
6.92	0.0001866
6.93	0.0001866
6.94	0.0001866
6.95	0.0001866
6.96	0.0001866
6.97	0.0001866
6.98	0.0001866
6.99	0.0001866
7	0.0001866
7.01	0.0001866
7.02	0.0001866
7.03	0.0001866
7.04	0.0001866
7.05	0.0001866
7.06	0.0001866
7.07	0.0001866
7.08	0.0001866
7.09	0.0001866
7.1	0.0001866
7.11	0.0001866
7.12	0.0001866
7.13	0.0001866
7.14	0.0001866
7.15	0.0001866
7.16	0.0001866
7.17	0.0001866
7.18	0.0001866
7.19	0.0001866
7.2	0.0001866
7.21	0.0001866
7.22	0.0001866
7.23	0.0001866
7.24	0.0001866
7.25	0.0001866
7.26	0.0001866
7.27	0.0001866
7.28	0.0001866
7.29	0.0001866
7.3	0.0001866
7.31	0.0001866
7.32	0.0001866
7.33	0.0001866
7.34	0.0001866
7.35	0.0001866
7.36	0.0001866
7.37	0.0001866
7.38	0.0001866
7.39	0.0001866
7.4	0.0001866
7.41	0.0001866
7.42	0.0001866
7.43	0.0001866
7.44	0.0001866
7.45	0.0001866
7.46	0.0001866
7.47	0.0001866
7.48	0.0001866
7.49	0.0001866
7.5	0.0001866
7.51	0.0001866
7.52	0.0001866
7.53	0.0001866
7.54	0.0001866
7.55	0.0001866
7.56	0.0001866
7.57	0.0001866
7.58	0.0001866
7.59	0.0001866
7.6	0.0001866
7.61	0.0001866
7.62	0.0001866
7.63	0.0001866
7.64	0.0001866
7.65	0.0001866
7.66	0.0001866
7.67	0.0001866
7.68	0.0001866
7.69	0.0001866
7.7	0.0001866
7.71	0.0001866
7.72	0.0001866
7.73	0.0001866
7.74	0.0001866
7.75	0.0001866
7.76	0.0001866
7.77	0.0001866
7.78	0.0001866
7.79	0.0001866
7.8	0.0001866
7.81	0.0001866
7.82	0.0001866
7.83	0.0001866
7.84	0.0001866
7.85	0.0001866
7.86	0.0001866
7.87	0.0001866
7.88	0.0001866
7.89	0.0001866
7.9	0.0001866
7.91	0.0001866
7.92	0.0001866
7.93	0.0001866
7.94	0.0001866
7.95	0.0001866
7.96	0.0001866
7.97	0.0001866
7.98	0.0001866
7.99	0.0001866
8	0.0001866
8.01	0.0001866
8.02	0.0001866
8.03	0.0001866
8.04	0.0001866
8.05	0.0001866
8.06	0.0001866
8.07	0.0001866
8.08	0.0001866
8.09	0.0001866
8.1	0.0001866
8.11	0.0001866
8.12	0.0001866
8.13	0.0001866
8.14	0.0001866
8.15	0.0001866
8.16	0.0001866
8.17	0.0001866
8.18	0.0001866
8.19	0.0001866
8.2	0.0001866
8.21	0.0001866
8.22	0.0001866
8.23	0.0001866
8.24	0.0001866
8.25	0.0001866
8.26	0.0001866
8.27	0.0001866
8.28	0.0001866
8.29	0.0001866
8.3	0.0001866
8.31	0.0001866
8.32	0.0001866
8.33	0.0001866
8.34	0.0001866
8.35	0.0001866
8.36	0.0001866
8.37	0.0001866
8.38	0.0001866
8.39	0.0001866
8.4	0.0001866
8.41	0.0001866
8.42	0.0001866
8.43	0.0001866
8.44	0.0001866
8.45	0.0001866
8.46	0.0001866
8.47	0.0001866
8.48	0.0001866
8.49	0.0001866
8.5	0.0001866
8.51	0.0001866
8.52	0.0001866
8.53	0.0001866
8.54	0.0001866
8.55	0.0001866
8.56	0.0001866
8.57	0.0001866
8.58	0.0001866
8.59	0.0001866
8.6	0.0001866
8.61	0.0001866
8.62	0.0001866
8.63	0.0001866
8.64	0.0001866
8.65	0.0001866
8.66	0.0001866
8.67	0.0001866
8.68	0.0001866
8.69	0.0001866
8.7	0.0001866
8.71	0.0001866
8.72	0.0001866
8.73	0.0001866
8.74	0.0001866
8.75	0.0001866
8.76	0.0001866
8.77	0.0001866
8.78	0.0001866
8.79	0.0001866
8.8	0.0001866
8.81	0.0001866
8.82	0.0001866
8.83	0.0001866
8.84	0.0001866
8.85	0.0001866
8.86	0.0001866
8.87	0.0001866
8.88	0.0001866
8.89	0.0001866
8.9	0.0001866
8.91	0.0001866
8.92	0.0001866
8.93	0.0001866
8.94	0.0001866
8.95	0.0001866
8.96	0.0001866
8.97	0.0001866
8.98	0.0001866
8.99	0.0001866
9	0.0001866
9.01	0.0001866
9.02	0.0001866
9.03	0.0001866
9.04	0.0001866
9.05	0.0001866
9.06	0.0001866
9.07	0.0001866
9.08	0.0001866
9.09	0.0001866
9.1	0.0001866
9.11	0.0001866
9.12	0.0001866
9.13	0.0001866
9.14	0.0001866
9.15	0.0001866
9.16	0.0001866
9.17	0.0001866
9.18	0.0001866
9.19	0.0001866
9.2	0.0001866
9.21	0.0001866
9.22	0.0001866
9.23	0.0001866
9.24	0.0001866
9.25	0.0001866
9.26	0.0001866
9.27	0.0001866
9.28	0.0001866
9.29	0.0001866
9.3	0.0001866
9.31	0.0001866
9.32	0.0001866
9.33	0.0001866
9.34	0.0001866
9.35	0.0001866
9.36	0.0001866
9.37	0.0001866
9.38	0.0001866
9.39	0.0001866
9.4	0.0001866
9.41	0.0001866
9.42	0.0001866
9.43	0.0001866
9.44	0.0001866
9.45	0.0001866
9.46	0.0001866
9.47	0.0001866
9.48	0.0001866
9.49	0.0001866
9.5	0.0001866
9.51	0.0001866
9.52	0.0001866
9.53	0.0001866
9.54	0.0001866
9.55	0.0001866
9.56	0.0001866
9.57	0.0001866
9.58	0.0001866
9.59	0.0001866
9.6	0.0001866
9.61	0.0001866
9.62	0.0001866
9.63	0.0001866
9.64	0.0001866
9.65	0.0001866
9.66	0.0001866
9.67	0.0001866
9.68	0.0001866
9.69	0.0001866
9.7	0.0001866
9.71	0.0001866
9.72	0.0001866
9.73	0.0001866
9.74	0.0001866
9.75	0.0001866
9.76	0.0001866
9.77	0.0001866
9.78	0.0001866
9.79	0.0001866
9.8	0.0001866
9.81	0.0001866
9.82	0.0001866
9.83	0.0001866
9.84	0.0001866
9.85	0.0001866
9.86	0.0001866
9.87	0.0001866
9.88	0.0001866
9.89	0.0001866
9.9	0.0001866
9.91	0.0001866
9.92	0.0001866
9.93	0.0001866
9.94	0.0001866
9.95	0.0001866
9.96	0.0001866
9.97	0.0001866
9.98	0.0001866
9.99	0.0001866
10	0.0001866
10.01	0.0001866
10.02	0.0001866
10.03	0.0001866
10.04	0.0001866
10.05	0.0001866
10.06	0.0001866
10.07	0.0001866
10.08	0.0001866
10.09	0.0001866
10.1	0.0001866
10.11	0.0001866
10.12	0.0001866
10.13	0.0001866
10.14	0.0001866
10.15	0.0001866
10.16	0.0001866
10.17	0.0001866
10.18	0.0001866
10.19	0.0001866
10.2	0.0001866
10.21	0.0001866
10.22	0.0001866
10.23	0.0001866
10.24	0.0001866
10.25	0.0001866
10.26	0.0001866
10.27	0.0001866
10.28	0.0001866
10.29	0.0001866
10.3	0.0001866
10.31	0.0001866
10.32	0.0001866
10.33	0.0001866
10.34	0.0001866
10.35	0.0001866
10.36	0.0001866
10.37	0.0001866
10.38	0.0001866
10.39	0.0001866
10.4	0.0001866
10.41	0.0001866
10.42	0.0001866
10.43	0.0001866
10.44	0.0001866
10.45	0.0001866
10.46	0.0001866
10.47	0.0001866
10.48	0.0001866
10.49	0.0001866
10.5	0.0001866
10.51	0.0001866
10.52	0.0001866
10.53	0.0001866
10.54	0.0001866
10.55	0.0001866
10.56	0.0001866
10.57	0.0001866
10.58	0.0001866
10.59	0.0001866
10.6	0.0001866
10.61	0.0001866
10.62	0.0001866
10.63	0.0001866
10.64	0.0001866
10.65	0.0001866
10.66	0.0001866
10.67	0.0001866
10.68	0.0001866
10.69	0.0001866
10.7	0.0001866
10.71	0.0001866
10.72	0.0001866
10.73	0.0001866
10.74	0.0001866
10.75	0.0001866
10.76	0.0001866
10.77	0.0001866
10.78	0.0001866
10.79	0.0001866
10.8	0.0001866
10.81	0.0001866
10.82	0.0001866
10.83	0.0001866
10.84	0.0001866
10.85	0.0001866
10.86	0.0001866
10.87	0.0001866
10.88	0.0001866
10.89	0.0001866
10.9	0.0001866
10.91	0.0001866
10.92	0.0001866
10.93	0.0001866
10.94	0.0001866
10.95	0.0001866
10.96	0.0001866
10.97	0.0001866
10.98	0.0001866
10.99	0.0001866
11	0.0001866
11.01	0.0001866
11.02	0.0001866
11.03	0.0001866
11.04	0.0001866
11.05	0.0001866
11.06	0.0001866
11.07	0.0001866
11.08	0.0001866
11.09	0.0001866
11.1	0.0001866
11.11	0.0001866
11.12	0.0001866
11.13	0.0001866
11.14	0.0001866
11.15	0.0001866
11.16	0.0001866
11.17	0.0001866
11.18	0.0001866
11.19	0.0001866
11.2	0.0001866
11.21	0.0001866
11.22	0.0001866
11.23	0.0001866
11.24	0.0001866
11.25	0.0001866
11.26	0.0001866
11.27	0.0001866
11.28	0.0001866
11.29	0.0001866
11.3	0.0001866
11.31	0.0001866
11.32	0.0001866
11.33	0.0001866
11.34	0.0001866
11.35	0.0001866
11.36	0.0001866
11.37	0.0001866
11.38	0.0001866
11.39	0.0001866
11.4	0.0001866
11.41	0.0001866
11.42	0.0001866
11.43	0.0001866
11.44	0.0001866
11.45	0.0001866
11.46	0.0001866
11.47	0.0001866
11.48	0.0001866
11.49	0.0001866
11.5	0.0001866
11.51	0.0001866
11.52	0.0001866
11.53	0.0001866
11.54	0.0001866
11.55	0.0001866
11.56	0.0001866
11.57	0.0001866
11.58	0.0001866
11.59	0.0001866
11.6	0.0001866
11.61	0.0001866
11.62	0.0001866
11.63	0.0001866
11.64	0.0001866
11.65	0.0001866
11.66	0.0001866
11.67	0.0001866
11.68	0.0001866
11.69	0.0001866
11.7	0.0001866
11.71	0.0001866
11.72	0.0001866
11.73	0.0001866
11.74	0.0001866
11.75	0.0001866
11.76	0.0001866
11.77	0.0001866
11.78	0.0001866
11.79	0.0001866
11.8	0.0001866
11.81	0.0001866
11.82	0.0001866
11.83	0.0001866
11.84	0.0001866
11.85	0.0001866
11.86	0.0001866
11.87	0.0001866
11.88	0.0001866
11.89	0.0001866
11.9	0.0001866
11.91	0.0001866
11.92	0.0001866
11.93	0.0001866
11.94	0.0001866
11.95	0.0001866
11.96	0.0001866
11.97	0.0001866
11.98	0.0001866
11.99	0.0001866
12	0.0001866
12.01	0.0001866
12.02	0.0001866
12.03	0.0001866
12.04	0.0001866
12.05	0.0001866
12.06	0.0001866
12.07	0.0001866
12.08	0.0001866
12.09	0.0001866
12.1	0.0001866
12.11	0.0001866
12.12	0.0001866
12.13	0.0001866
12.14	0.0001866
12.15	0.0001866
12.16	0.0001866
12.17	0.0001866
12.18	0.0001866
12.19	0.0001866
12.2	0.0001866
12.21	0.0001866
12.22	0.0001866
12.23	0.0001866
12.24	0.0001866
12.25	0.0001866
12.26	0.0001866
12.27	0.0001866
12.28	0.0001866
12.29	0.0001866
12.3	0.0001866
12.31	0.0001866
12.32	0.0001866
12.33	0.0001866
12.34	0.0001866
12.35	0.0001866
12.36	0.0001866
12.37	0.0001866
12.38	0.0001866
12.39	0.0001866
12.4	0.0001866
12.41	0.0001866
12.42	0.0001866
12.43	0.0001866
12.44	0.0001866
12.45	0.0001866
12.46	0.0001866
12.47	0.0001866
12.48	0.0001866
12.49	0.0001866
12.5	0.0001866
12.51	0.0001866
12.52	0.0001866
12.53	0.0001866
12.54	0.0001866
12.55	0.0001866
12.56	0.0001866
12.57	0.0001866
12.58	0.0001866
12.59	0.0001866
12.6	0.0001866
12.61	0.0001866
12.62	0.0001866
12.63	0.0001866
12.64	0.0001866
12.65	0.0001866
12.66	0.0001866
12.67	0.0001866
12.68	0.0001866
12.69	0.0001866
12.7	0.0001866
12.71	0.0001866
12.72	0.0001866
12.73	0.0001866
12.74	0.0001866
12.75	0.0001866
12.76	0.0001866
12.77	0.0001866
12.78	0.0001866
12.79	0.0001866
12.8	0.0001866
12.81	0.0001866
12.82	0.0001866
12.83	0.0001866
12.84	0.0001866
12.85	0.0001866
12.86	0.0001866
12.87	0.0001866
12.88	0.0001866
12.89	0.0001866
12.9	0.0001866
12.91	0.0001866
12.92	0.0001866
12.93	0.0001866
12.94	0.0001866
12.95	0.0001866
12.96	0.0001866
12.97	0.0001866
12.98	0.0001866
12.99	0.0001866
13	0.0001866
13.01	0.0001866
13.02	0.0001866
13.03	0.0001866
13.04	0.0001866
13.05	0.0001866
13.06	0.0001866
13.07	0.0001866
13.08	0.0001866
13.09	0.0001866
13.1	0.0001866
13.11	0.0001866
13.12	0.0001866
13.13	0.0001866
13.14	0.0001866
13.15	0.0001866
13.16	0.0001866
13.17	0.0001866
13.18	0.0001866
13.19	0.0001866
13.2	0.0001866
13.21	0.0001866
13.22	0.0001866
13.23	0.0001866
13.24	0.0001866
13.25	0.0001866
13.26	0.0001866
13.27	0.0001866
13.28	0.0001866
13.29	0.0001866
13.3	0.0001866
13.31	0.0001866
13.32	0.0001866
13.33	0.0001866
13.34	0.0001866
13.35	0.0001866
13.36	0.0001866
13.37	0.0001866
13.38	0.0001866
13.39	0.0001866
13.4	0.0001866
13.41	0.0001866
13.42	0.0001866
13.43	0.0001866
13.44	0.0001866
13.45	0.0001866
13.46	0.0001866
13.47	0.0001866
13.48	0.0001866
13.49	0.0001866
13.5	0.0001866
13.51	0.0001866
13.52	0.0001866
13.53	0.0001866
13.54	0.0001866
13.55	0.0001866
13.56	0.0001866
13.57	0.0001866
13.58	0.0001866
13.59	0.0001866
13.6	0.0001866
13.61	0.0001866
13.62	0.0001866
13.63	0.0001866
13.64	0.0001866
13.65	0.0001866
13.66	0.0001866
13.67	0.0001866
13.68	0.0001866
13.69	0.0001866
13.7	0.0001866
13.71	0.0001866
13.72	0.0001866
13.73	0.0001866
13.74	0.0001866
13.75	0.0001866
13.76	0.0001866
13.77	0.0001866
13.78	0.0001866
13.79	0.0001866
13.8	0.0001866
13.81	0.0001866
13.82	0.0001866
13.83	0.0001866
13.84	0.0001866
13.85	0.0001866
13.86	0.0001866
13.87	0.0001866
13.88	0.0001866
13.89	0.0001866
13.9	0.0001866
13.91	0.0001866
13.92	0.0001866
13.93	0.0001866
13.94	0.0001866
13.95	0.0001866
13.96	0.0001866
13.97	0.0001866
13.98	0.0001866
13.99	0.0001866
14	0.0001866
14.01	0.0001866
14.02	0.0001866
14.03	0.0001866
14.04	0.0001866
14.05	0.0001866
14.06	0.0001866
14.07	0.0001866
14.08	0.0001866
14.09	0.0001866
14.1	0.0001866
14.11	0.0001866
14.12	0.0001866
14.13	0.0001866
14.14	0.0001866
14.15	0.0001866
14.16	0.0001866
14.17	0.0001866
14.18	0.0001866
14.19	0.0001866
14.2	0.0001866
14.21	0.0001866
14.22	0.0001866
14.23	0.0001866
14.24	0.0001866
14.25	0.0001866
14.26	0.0001866
14.27	0.0001866
14.28	0.0001866
14.29	0.0001866
14.3	0.0001866
14.31	0.0001866
14.32	0.0001866
14.33	0.0001866
14.34	0.0001866
14.35	0.0001866
14.36	0.0001866
14.37	0.0001866
14.38	0.0001866
14.39	0.0001866
14.4	0.0001866
14.41	0.0001866
14.42	0.0001866
14.43	0.0001866
14.44	0.0001866
14.45	0.0001866
14.46	0.0001866
14.47	0.0001866
14.48	0.0001866
14.49	0.0001866
14.5	0.0001866
14.51	0.0001866
14.52	0.0001866
14.53	0.0001866
14.54	0.0001866
14.55	0.0001866
14.56	0.0001866
14.57	0.0001866
14.58	0.0001866
14.59	0.0001866
14.6	0.0001866
14.61	0.0001866
14.62	0.0001866
14.63	0.0001866
14.64	0.0001866
14.65	0.0001866
14.66	0.0001866
14.67	0.0001866
14.68	0.0001866
14.69	0.0001866
14.7	0.0001866
14.71	0.0001866
14.72	0.0001866
14.73	0.0001866
14.74	0.0001866
14.75	0.0001866
14.76	0.0001866
14.77	0.0001866
14.78	0.0001866
14.79	0.0001866
14.8	0.0001866
14.81	0.0001866
14.82	0.0001866
14.83	0.0001866
14.84	0.0001866
14.85	0.0001866
14.86	0.0001866
14.87	0.0001866
14.88	0.0001866
14.89	0.0001866
14.9	0.0001866
14.91	0.0001866
14.92	0.0001866
14.93	0.0001866
14.94	0.0001866
14.95	0.0001866
14.96	0.0001866
14.97	0.0001866
14.98	0.0001866
14.99	0.0001866
15	0.0001866
15.01	0.0001866
15.02	0.0001866
15.03	0.0001866
15.04	0.0001866
15.05	0.0001866
15.06	0.0001866
15.07	0.0001866
15.08	0.0001866
15.09	0.0001866
15.1	0.0001866
15.11	0.0001866
15.12	0.0001866
15.13	0.0001866
15.14	0.0001866
15.15	0.0001866
15.16	0.0001866
15.17	0.0001866
15.18	0.0001866
15.19	0.0001866
15.2	0.0001866
15.21	0.0001866
15.22	0.0001866
15.23	0.0001866
15.24	0.0001866
15.25	0.0001866
15.26	0.0001866
15.27	0.0001866
15.28	0.0001866
15.29	0.0001866
15.3	0.0001866
15.31	0.0001866
15.32	0.0001866
15.33	0.0001866
15.34	0.0001866
15.35	0.0001866
15.36	0.0001866
15.37	0.0001866
15.38	0.0001866
15.39	0.0001866
15.4	0.0001866
15.41	0.0001866
15.42	0.0001866
15.43	0.0001866
15.44	0.0001866
15.45	0.0001866
15.46	0.0001866
15.47	0.0001866
15.48	0.0001866
15.49	0.0001866
15.5	0.0001866
15.51	0.0001866
15.52	0.0001866
15.53	0.0001866
15.54	0.0001866
15.55	0.0001866
15.56	0.0001866
15.57	0.0001866
15.58	0.0001866
15.59	0.0001866
15.6	0.0001866
15.61	0.0001866
15.62	0.0001866
15.63	0.0001866
15.64	0.0001866
15.65	0.0001866
15.66	0.0001866
15.67	0.0001866
15.68	0.0001866
15.69	0.0001866
15.7	0.0001866
15.71	0.0001866
15.72	0.0001866
15.73	0.0001866
15.74	0.0001866
15.75	0.0001866
15.76	0.0001866
15.77	0.0001866
15.78	0.0001866
15.79	0.0001866
15.8	0.0001866
15.81	0.0001866
15.82	0.0001866
15.83	0.0001866
15.84	0.0001866
15.85	0.0001866
15.86	0.0001866
15.87	0.0001866
15.88	0.0001866
15.89	0.0001866
15.9	0.0001866
15.91	0.0001866
15.92	0.0001866
15.93	0.0001866
15.94	0.0001866
15.95	0.0001866
15.96	0.0001866
15.97	0.0001866
15.98	0.0001866
15.99	0.0001866
16	0.0001866
16.01	0.0001866
16.02	0.0001866
16.03	0.0001866
16.04	0.0001866
16.05	0.0001866
16.06	0.0001866
16.07	0.0001866
16.08	0.0001866
16.09	0.0001866
16.1	0.0001866
16.11	0.0001866
16.12	0.0001866
16.13	0.0001866
16.14	0.0001866
16.15	0.0001866
16.16	0.0001866
16.17	0.0001866
16.18	0.0001866
16.19	0.0001866
16.2	0.0001866
16.21	0.0001866
16.22	0.0001866
16.23	0.0001866
16.24	0.0001866
16.25	0.0001866
16.26	0.0001866
16.27	0.0001866
16.28	0.0001866
16.29	0.0001866
16.3	0.0001866
16.31	0.0001866
16.32	0.0001866
16.33	0.0001866
16.34	0.0001866
16.35	0.0001866
16.36	0.0001866
16.37	0.0001866
16.38	0.0001866
16.39	0.0001866
16.4	0.0001866
16.41	0.0001866
16.42	0.0001866
16.43	0.0001866
16.44	0.0001866
16.45	0.0001866
16.46	0.0001866
16.47	0.0001866
16.48	0.0001866
16.49	0.0001866
16.5	0.0001866
16.51	0.0001866
16.52	0.0001866
16.53	0.0001866
16.54	0.0001866
16.55	0.0001866
16.56	0.0001866
16.57	0.0001866
16.58	0.0001866
16.59	0.0001866
16.6	0.0001866
16.61	0.0001866
16.62	0.0001866
16.63	0.0001866
16.64	0.0001866
16.65	0.0001866
16.66	0.0001866
16.67	0.0001866
16.68	0.0001866
16.69	0.0001866
16.7	0.0001866
16.71	0.0001866
16.72	0.0001866
16.73	0.0001866
16.74	0.0001866
16.75	0.0001866
16.76	0.0001866
16.77	0.0001866
16.78	0.0001866
16.79	0.0001866
16.8	0.0001866
16.81	0.0001866
16.82	0.0001866
16.83	0.0001866
16.84	0.0001866
16.85	0.0001866
16.86	0.0001866
16.87	0.0001866
16.88	0.0001866
16.89	0.0001866
16.9	0.0001866
16.91	0.0001866
16.92	0.0001866
16.93	0.0001866
16.94	0.0001866
16.95	0.0001866
16.96	0.0001866
16.97	0.0001866
16.98	0.0001866
16.99	0.0001866
17	0.0001866
17.01	0.0001866
17.02	0.0001866
17.03	0.0001866
17.04	0.0001866
17.05	0.0001866
17.06	0.0001866
17.07	0.0001866
17.08	0.0001866
17.09	0.0001866
17.1	0.0001866
17.11	0.0001866
17.12	0.0001866
17.13	0.0001866
17.14	0.0001866
17.15	0.0001866
17.16	0.0001866
17.17	0.0001866
17.18	0.0001866
17.19	0.0001866
17.2	0.0001866
17.21	0.0001866
17.22	0.0001866
17.23	0.0001866
17.24	0.0001866
17.25	0.0001866
17.26	0.0001866
17.27	0.0001866
17.28	0.0001866
17.29	0.0001866
17.3	0.0001866
17.31	0.0001866
17.32	0.0001866
17.33	0.0001866
17.34	0.0001866
17.35	0.0001866
17.36	0.0001866
17.37	0.0001866
17.38	0.0001866
17.39	0.0001866
17.4	0.0001866
17.41	0.0001866
17.42	0.0001866
17.43	0.0001866
17.44	0.0001866
17.45	0.0001866
17.46	0.0001866
17.47	0.0001866
17.48	0.0001866
17.49	0.0001866
17.5	0.0001866
17.51	0.0001866
17.52	0.0001866
17.53	0.0001866
17.54	0.0001866
17.55	0.0001866
17.56	0.0001866
17.57	0.0001866
17.58	0.0001866
17.59	0.0001866
17.6	0.0001866
17.61	0.0001866
17.62	0.0001866
17.63	0.0001866
17.64	0.0001866
17.65	0.0001866
17.66	0.0001866
17.67	0.0001866
17.68	0.0001866
17.69	0.0001866
17.7	0.0001866
17.71	0.0001866
17.72	0.0001866
17.73	0.0001866
17.74	0.0001866
17.75	0.0001866
17.76	0.0001866
17.77	0.0001866
17.78	0.0001866
17.79	0.0001866
17.8	0.0001866
17.81	0.0001866
17.82	0.0001866
17.83	0.0001866
17.84	0.0001866
17.85	0.0001866
17.86	0.0001866
17.87	0.0001866
17.88	0.0001866
17.89	0.0001866
17.9	0.0001866
17.91	0.0001866
17.92	0.0001866
17.93	0.0001866
17.94	0.0001866
17.95	0.0001866
17.96	0.0001866
17.97	0.0001866
17.98	0.0001866
17.99	0.0001866
18	0.0001866
18.01	0.0001866
18.02	0.0001866
18.03	0.0001866
18.04	0.0001866
18.05	0.0001866
18.06	0.0001866
18.07	0.0001866
18.08	0.0001866
18.09	0.0001866
18.1	0.0001866
18.11	0.0001866
18.12	0.0001866
18.13	0.0001866
18.14	0.0001866
18.15	0.0001866
18.16	0.0001866
18.17	0.0001866
18.18	0.0001866
18.19	0.0001866
18.2	0.0001866
18.21	0.0001866
18.22	0.0001866
18.23	0.0001866
18.24	0.0001866
18.25	0.0001866
18.26	0.0001866
18.27	0.0001866
18.28	0.0001866
18.29	0.0001866
18.3	0.0001866
18.31	0.0001866
18.32	0.0001866
18.33	0.0001866
18.34	0.0001866
18.35	0.0001866
18.36	0.0001866
18.37	0.0001866
18.38	0.0001866
18.39	0.0001866
18.4	0.0001866
18.41	0.0001866
18.42	0.0001866
18.43	0.0001866
18.44	0.0001866
18.45	0.0001866
18.46	0.0001866
18.47	0.0001866
18.48	0.0001866
18.49	0.0001866
18.5	0.0001866
18.51	0.0001866
18.52	0.0001866
18.53	0.0001866
18.54	0.0001866
18.55	0.0001866
18.56	0.0001866
18.57	0.0001866
18.58	0.0001866
18.59	0.0001866
18.6	0.0001866
18.61	0.0001866
18.62	0.0001866
18.63	0.0001866
18.64	0.0001866
18.65	0.0001866
18.66	0.0001866
18.67	0.0001866
18.68	0.0001866
18.69	0.0001866
18.7	0.0001866
18.71	0.0001866
18.72	0.0001866
18.73	0.0001866
18.74	0.0001866
18.75	0.0001866
18.76	0.0001866
18.77	0.0001866
18.78	0.0001866
18.79	0.0001866
18.8	0.0001866
18.81	0.0001866
18.82	0.0001866
18.83	0.0001866
18.84	0.0001866
18.85	0.0001866
18.86	0.0001866
18.87	0.0001866
18.88	0.0001866
18.89	0.0001866
18.9	0.0001866
18.91	0.0001866
18.92	0.0001866
18.93	0.0001866
18.94	0.0001866
18.95	0.0001866
18.96	0.0001866
18.97	0.0001866
18.98	0.0001866
18.99	0.0001866
19	0.0001866
19.01	0.0001866
19.02	0.0001866
19.03	0.0001866
19.04	0.0001866
19.05	0.0001866
19.06	0.0001866
19.07	0.0001866
19.08	0.0001866
19.09	0.0001866
19.1	0.0001866
19.11	0.0001866
19.12	0.0001866
19.13	0.0001866
19.14	0.0001866
19.15	0.0001866
19.16	0.0001866
19.17	0.0001866
19.18	0.0001866
19.19	0.0001866
19.2	0.0001866
19.21	0.0001866
19.22	0.0001866
19.23	0.0001866
19.24	0.0001866
19.25	0.0001866
19.26	0.0001866
19.27	0.0001866
19.28	0.0001866
19.29	0.0001866
19.3	0.0001866
19.31	0.0001866
19.32	0.0001866
19.33	0.0001866
19.34	0.0001866
19.35	0.0001866
19.36	0.0001866
19.37	0.0001866
19.38	0.0001866
19.39	0.0001866
19.4	0.0001866
19.41	0.0001866
19.42	0.0001866
19.43	0.0001866
19.44	0.0001866
19.45	0.0001866
19.46	0.0001866
19.47	0.0001866
19.48	0.0001866
19.49	0.0001866
19.5	0.0001866
19.51	0.0001866
19.52	0.0001866
19.53	0.0001866
19.54	0.0001866
19.55	0.0001866
19.56	0.0001866
19.57	0.0001866
19.58	0.0001866
19.59	0.0001866
19.6	0.0001866
19.61	0.0001866
19.62	0.0001866
19.63	0.0001866
19.64	0.0001866
19.65	0.0001866
19.66	0.0001866
19.67	0.0001866
19.68	0.0001866
19.69	0.0001866
19.7	0.0001866
19.71	0.0001866
19.72	0.0001866
19.73	0.0001866
19.74	0.0001866
19.75	0.0001866
19.76	0.0001866
19.77	0.0001866
19.78	0.0001866
19.79	0.0001866
19.8	0.0001866
19.81	0.0001866
19.82	0.0001866
19.83	0.0001866
19.84	0.0001866
19.85	0.0001866
19.86	0.0001866
19.87	0.0001866
19.88	0.0001866
19.89	0.0001866
19.9	0.0001866
19.91	0.0001866
19.92	0.0001866
19.93	0.0001866
19.94	0.0001866
19.95	0.0001866
19.96	0.0001866
19.97	0.0001866
19.98	0.0001866
19.99	0.0001866
20	0.0001866
20.01	0.0001866
20.02	0.0001866
20.03	0.0001866
20.04	0.0001866
20.05	0.0001866
20.06	0.0001866
20.07	0.0001866
20.08	0.0001866
20.09	0.0001866
20.1	0.0001866
20.11	0.0001866
20.12	0.0001866
20.13	0.0001866
20.14	0.0001866
20.15	0.0001866
20.16	0.0001866
20.17	0.0001866
20.18	0.0001866
20.19	0.0001866
20.2	0.0001866
20.21	0.0001866
20.22	0.0001866
20.23	0.0001866
20.24	0.0001866
20.25	0.0001866
20.26	0.0001866
20.27	0.0001866
20.28	0.0001866
20.29	0.0001866
20.3	0.0001866
20.31	0.0001866
20.32	0.0001866
20.33	0.0001866
20.34	0.0001866
20.35	0.0001866
20.36	0.0001866
20.37	0.0001866
20.38	0.0001866
20.39	0.0001866
20.4	0.0001866
20.41	0.0001866
20.42	0.0001866
20.43	0.0001866
20.44	0.0001866
20.45	0.0001866
20.46	0.0001866
20.47	0.0001866
20.48	0.0001866
20.49	0.0001866
20.5	0.0001866
20.51	0.0001866
20.52	0.0001866
20.53	0.0001866
20.54	0.0001866
20.55	0.0001866
20.56	0.0001866
20.57	0.0001866
20.58	0.0001866
20.59	0.0001866
20.6	0.0001866
20.61	0.0001866
20.62	0.0001866
20.63	0.0001866
20.64	0.0001866
20.65	0.0001866
20.66	0.0001866
20.67	0.0001866
20.68	0.0001866
20.69	0.0001866
20.7	0.0001866
20.71	0.0001866
20.72	0.0001866
20.73	0.0001866
20.74	0.0001866
20.75	0.0001866
20.76	0.0001866
20.77	0.0001866
20.78	0.0001866
20.79	0.0001866
20.8	0.0001866
20.81	0.0001866
20.82	0.0001866
20.83	0.0001866
20.84	0.0001866
20.85	0.0001866
20.86	0.0001866
20.87	0.0001866
20.88	0.0001866
20.89	0.0001866
20.9	0.0001866
20.91	0.0001866
20.92	0.0001866
20.93	0.0001866
20.94	0.0001866
20.95	0.0001866
20.96	0.0001866
20.97	0.0001866
20.98	0.0001866
20.99	0.0001866
21	0.0001866
21.01	0.0001866
21.02	0.0001866
21.03	0.0001866
21.04	0.0001866
21.05	0.0001866
21.06	0.0001866
21.07	0.0001866
21.08	0.0001866
21.09	0.0001866
21.1	0.0001866
21.11	0.0001866
21.12	0.0001866
21.13	0.0001866
21.14	0.0001866
21.15	0.0001866
21.16	0.0001866
21.17	0.0001866
21.18	0.0001866
21.19	0.0001866
21.2	0.0001866
21.21	0.0001866
21.22	0.0001866
21.23	0.0001866
21.24	0.0001866
21.25	0.0001866
21.26	0.0001866
21.27	0.0001866
21.28	0.0001866
21.29	0.0001866
21.3	0.0001866
21.31	0.0001866
21.32	0.0001866
21.33	0.0001866
21.34	0.0001866
21.35	0.0001866
21.36	0.0001866
21.37	0.0001866
21.38	0.0001866
21.39	0.0001866
21.4	0.0001866
21.41	0.0001866
21.42	0.0001866
21.43	0.0001866
21.44	0.0001866
21.45	0.0001866
21.46	0.0001866
21.47	0.0001866
21.48	0.0001866
21.49	0.0001866
21.5	0.0001866
21.51	0.0001866
21.52	0.0001866
21.53	0.0001866
21.54	0.0001866
21.55	0.0001866
21.56	0.0001866
21.57	0.0001866
21.58	0.0001866
21.59	0.0001866
21.6	0.0001866
21.61	0.0001866
21.62	0.0001866
21.63	0.0001866
21.64	0.0001866
21.65	0.0001866
21.66	0.0001866
21.67	0.0001866
21.68	0.0001866
21.69	0.0001866
21.7	0.0001866
21.71	0.0001866
21.72	0.0001866
21.73	0.0001866
21.74	0.0001866
21.75	0.0001866
21.76	0.0001866
21.77	0.0001866
21.78	0.0001866
21.79	0.0001866
21.8	0.0001866
21.81	0.0001866
21.82	0.0001866
21.83	0.0001866
21.84	0.0001866
21.85	0.0001866
21.86	0.0001866
21.87	0.0001866
21.88	0.0001866
21.89	0.0001866
21.9	0.0001866
21.91	0.0001866
21.92	0.0001866
21.93	0.0001866
21.94	0.0001866
21.95	0.0001866
21.96	0.0001866
21.97	0.0001866
21.98	0.0001866
21.99	0.0001866
22	0.0001866
22.01	0.0001866
22.02	0.0001866
22.03	0.0001866
22.04	0.0001866
22.05	0.0001866
22.06	0.0001866
22.07	0.0001866
22.08	0.0001866
22.09	0.0001866
22.1	0.0001866
22.11	0.0001866
22.12	0.0001866
22.13	0.0001866
22.14	0.0001866
22.15	0.0001866
22.16	0.0001866
22.17	0.0001866
22.18	0.0001866
22.19	0.0001866
22.2	0.0001866
22.21	0.0001866
22.22	0.0001866
22.23	0.0001866
22.24	0.0001866
22.25	0.0001866
22.26	0.0001866
22.27	0.0001866
22.28	0.0001866
22.29	0.0001866
22.3	0.0001866
22.31	0.0001866
22.32	0.0001866
22.33	0.0001866
22.34	0.0001866
22.35	0.0001866
22.36	0.0001866
22.37	0.0001866
22.38	0.0001866
22.39	0.0001866
22.4	0.0001866
22.41	0.0001866
22.42	0.0001866
22.43	0.0001866
22.44	0.0001866
22.45	0.0001866
22.46	0.0001866
22.47	0.0001866
22.48	0.0001866
22.49	0.0001866
22.5	0.0001866
22.51	0.0001866
22.52	0.0001866
22.53	0.0001866
22.54	0.0001866
22.55	0.0001866
22.56	0.0001866
22.57	0.0001866
22.58	0.0001866
22.59	0.0001866
22.6	0.0001866
22.61	0.0001866
22.62	0.0001866
22.63	0.0001866
22.64	0.0001866
22.65	0.0001866
22.66	0.0001866
22.67	0.0001866
22.68	0.0001866
22.69	0.0001866
22.7	0.0001866
22.71	0.0001866
22.72	0.0001866
22.73	0.0001866
22.74	0.0001866
22.75	0.0001866
22.76	0.0001866
22.77	0.0001866
22.78	0.0001866
22.79	0.0001866
22.8	0.0001866
22.81	0.0001866
22.82	0.0001866
22.83	0.0001866
22.84	0.0001866
22.85	0.0001866
22.86	0.0001866
22.87	0.0001866
22.88	0.0001866
22.89	0.0001866
22.9	0.0001866
22.91	0.0001866
22.92	0.0001866
22.93	0.0001866
22.94	0.0001866
22.95	0.0001866
22.96	0.0001866
22.97	0.0001866
22.98	0.0001866
22.99	0.0001866
23	0.0001866
23.01	0.0001866
23.02	0.0001866
23.03	0.0001866
23.04	0.0001866
23.05	0.0001866
23.06	0.0001866
23.07	0.0001866
23.08	0.0001866
23.09	0.0001866
23.1	0.0001866
23.11	0.0001866
23.12	0.0001866
23.13	0.0001866
23.14	0.0001866
23.15	0.0001866
23.16	0.0001866
23.17	0.0001866
23.18	0.0001866
23.19	0.0001866
23.2	0.0001866
23.21	0.0001866
23.22	0.0001866
23.23	0.0001866
23.24	0.0001866
23.25	0.0001866
23.26	0.0001866
23.27	0.0001866
23.28	0.0001866
23.29	0.0001866
23.3	0.0001866
23.31	0.0001866
23.32	0.0001866
23.33	0.0001866
23.34	0.0001866
23.35	0.0001866
23.36	0.0001866
23.37	0.0001866
23.38	0.0001866
23.39	0.0001866
23.4	0.0001866
23.41	0.0001866
23.42	0.0001866
23.43	0.0001866
23.44	0.0001866
23.45	0.0001866
23.46	0.0001866
23.47	0.0001866
23.48	0.0001866
23.49	0.0001866
23.5	0.0001866
23.51	0.0001866
23.52	0.0001866
23.53	0.0001866
23.54	0.0001866
23.55	0.0001866
23.56	0.0001866
23.57	0.0001866
23.58	0.0001866
23.59	0.0001866
23.6	0.0001866
23.61	0.0001866
23.62	0.0001866
23.63	0.0001866
23.64	0.0001866
23.65	0.0001866
23.66	0.0001866
23.67	0.0001866
23.68	0.0001866
23.69	0.0001866
23.7	0.0001866
23.71	0.0001866
23.72	0.0001866
23.73	0.0001866
23.74	0.0001866
23.75	0.0001866
23.76	0.0001866
23.77	0.0001866
23.78	0.0001866
23.79	0.0001866
23.8	0.0001866
23.81	0.0001866
23.82	0.0001866
23.83	0.0001866
23.84	0.0001866
23.85	0.0001866
23.86	0.0001866
23.87	0.0001866
23.88	0.0001866
23.89	0.0001866
23.9	0.0001866
23.91	0.0001866
23.92	0.0001866
23.93	0.0001866
23.94	0.0001866
23.95	0.0001866
23.96	0.0001866
23.97	0.0001866
23.98	0.0001866
23.99	0.0001866
24	0.0001866
24.01	0.0001866
24.02	0.0001866
24.03	0.0001866
24.04	0.0001866
24.05	0.0001866
24.06	0.0001866
24.07	0.0001866
24.08	0.0001866
24.09	0.0001866
24.1	0.0001866
24.11	0.0001866
24.12	0.0001866
24.13	0.0001866
24.14	0.0001866
24.15	0.0001866
24.16	0.0001866
24.17	0.0001866
24.18	0.0001866
24.19	0.0001866
24.2	0.0001866
24.21	0.0001866
24.22	0.0001866
24.23	0.0001866
24.24	0.0001866
24.25	0.0001866
24.26	0.0001866
24.27	0.0001866
24.28	0.0001866
24.29	0.0001866
24.3	0.0001866
24.31	0.0001866
24.32	0.0001866
24.33	0.0001866
24.34	0.0001866
24.35	0.0001866
24.36	0.0001866
24.37	0.0001866
24.38	0.0001866
24.39	0.0001866
24.4	0.0001866
24.41	0.0001866
24.42	0.0001866
24.43	0.0001866
24.44	0.0001866
24.45	0.0001866
24.46	0.0001866
24.47	0.0001866
24.48	0.0001866
24.49	0.0001866
24.5	0.0001866
24.51	0.0001866
24.52	0.0001866
24.53	0.0001866
24.54	0.0001866
24.55	0.0001866
24.56	0.0001866
24.57	0.0001866
24.58	0.0001866
24.59	0.0001866
24.6	0.0001866
24.61	0.0001866
24.62	0.0001866
24.63	0.0001866
24.64	0.0001866
24.65	0.0001866
24.66	0.0001866
24.67	0.0001866
24.68	0.0001866
24.69	0.0001866
24.7	0.0001866
24.71	0.0001866
24.72	0.0001866
24.73	0.0001866
24.74	0.0001866
24.75	0.0001866
24.76	0.0001866
24.77	0.0001866
24.78	0.0001866
24.79	0.0001866
24.8	0.0001866
24.81	0.0001866
24.82	0.0001866
24.83	0.0001866
24.84	0.0001866
24.85	0.0001866
24.86	0.0001866
24.87	0.0001866
24.88	0.0001866
24.89	0.0001866
24.9	0.0001866
24.91	0.0001866
24.92	0.0001866
24.93	0.0001866
24.94	0.0001866
24.95	0.0001866
24.96	0.00055981
24.97	0.00093301
24.98	0.00093301
24.99	0.00093301
25	0.00093301
25.01	0.00093301
25.02	0.00093301
25.03	0.00093301
25.04	0.00093301
25.05	0.00093301
25.06	0.00093301
25.07	0.00093301
25.08	0.00093301
25.09	0.00093301
25.1	0.00093301
25.11	0.00093301
25.12	0.00093301
25.13	0.00093301
25.14	0.00093301
25.15	0.00093301
25.16	0.00093301
25.17	0.00093301
25.18	0.00093301
25.19	0.00093301
25.2	0.00093301
25.21	0.00093301
25.22	0.00093301
25.23	0.00093301
25.24	0.00093301
25.25	0.00093301
25.26	0.00093301
25.27	0.00093301
25.28	0.00093301
25.29	0.00093301
25.3	0.00093301
25.31	0.00093301
25.32	0.00093301
25.33	0.00093301
25.34	0.00093301
25.35	0.00093301
25.36	0.00093301
25.37	0.00093301
25.38	0.00093301
25.39	0.00093301
25.4	0.00093301
25.41	0.00093301
25.42	0.00093301
25.43	0.00093301
25.44	0.00093301
25.45	0.00093301
25.46	0.00093301
25.47	0.00093301
25.48	0.00093301
25.49	0.00093301
25.5	0.00093301
25.51	0.00093301
25.52	0.00093301
25.53	0.00093301
25.54	0.00093301
25.55	0.00093301
25.56	0.00093301
25.57	0.00093301
25.58	0.00093301
25.59	0.00093301
25.6	0.00093301
25.61	0.00093301
25.62	0.00093301
25.63	0.00093301
25.64	0.00093301
25.65	0.00093301
25.66	0.00093301
25.67	0.00093301
25.68	0.00093301
25.69	0.00093301
25.7	0.00093301
25.71	0.00093301
25.72	0.00093301
25.73	0.00093301
25.74	0.00093301
25.75	0.00093301
25.76	0.00093301
25.77	0.00093301
25.78	0.00093301
25.79	0.00093301
25.8	0.00093301
25.81	0.00093301
25.82	0.00093301
25.83	0.00093301
25.84	0.00093301
25.85	0.00093301
25.86	0.00093301
25.87	0.00093301
25.88	0.00093301
25.89	0.00093301
25.9	0.00093301
25.91	0.00093301
25.92	0.00093301
25.93	0.00093301
25.94	0.00093301
25.95	0.00093301
25.96	0.00093301
25.97	0.00093301
25.98	0.00093301
25.99	0.00093301
26	0.00093301
26.01	0.00093301
26.02	0.00093301
26.03	0.00093301
26.04	0.0013062
26.05	0.0014928
26.06	0.0016794
26.07	0.0016794
26.08	0.0016794
26.09	0.0016794
26.1	0.0016794
26.11	0.0016794
26.12	0.0016794
26.13	0.0016794
26.14	0.0016794
26.15	0.0016794
26.16	0.0016794
26.17	0.0016794
26.18	0.0016794
26.19	0.0016794
26.2	0.0016794
26.21	0.0016794
26.22	0.0016794
26.23	0.0016794
26.24	0.0016794
26.25	0.0016794
26.26	0.0016794
26.27	0.0016794
26.28	0.0016794
26.29	0.0016794
26.3	0.0016794
26.31	0.0016794
26.32	0.0016794
26.33	0.0016794
26.34	0.0016794
26.35	0.0016794
26.36	0.0016794
26.37	0.0016794
26.38	0.0016794
26.39	0.0016794
26.4	0.0016794
26.41	0.0016794
26.42	0.0016794
26.43	0.0016794
26.44	0.0016794
26.45	0.0016794
26.46	0.0016794
26.47	0.0016794
26.48	0.0016794
26.49	0.0016794
26.5	0.0016794
26.51	0.0016794
26.52	0.0016794
26.53	0.0016794
26.54	0.0016794
26.55	0.0016794
26.56	0.0016794
26.57	0.0016794
26.58	0.0016794
26.59	0.0016794
26.6	0.0016794
26.61	0.0016794
26.62	0.0016794
26.63	0.0016794
26.64	0.0016794
26.65	0.0016794
26.66	0.0016794
26.67	0.0016794
26.68	0.0016794
26.69	0.0016794
26.7	0.0016794
26.71	0.0016794
26.72	0.0016794
26.73	0.0016794
26.74	0.0016794
26.75	0.0016794
26.76	0.0016794
26.77	0.0016794
26.78	0.0016794
26.79	0.0016794
26.8	0.0016794
26.81	0.0016794
26.82	0.0016794
26.83	0.0016794
26.84	0.0016794
26.85	0.0016794
26.86	0.0016794
26.87	0.001866
26.88	0.0020526
26.89	0.0022392
26.9	0.0024258
26.91	0.0024258
26.92	0.0024258
26.93	0.0024258
26.94	0.0024258
26.95	0.0024258
26.96	0.0024258
26.97	0.0024258
26.98	0.0024258
26.99	0.0024258
27	0.0024258
27.01	0.0024258
27.02	0.0024258
27.03	0.0024258
27.04	0.0024258
27.05	0.0024258
27.06	0.0024258
27.07	0.0024258
27.08	0.0024258
27.09	0.0024258
27.1	0.0024258
27.11	0.0024258
27.12	0.0024258
27.13	0.0024258
27.14	0.0024258
27.15	0.0024258
27.16	0.0024258
27.17	0.0024258
27.18	0.0024258
27.19	0.0024258
27.2	0.0024258
27.21	0.0024258
27.22	0.0024258
27.23	0.0024258
27.24	0.0024258
27.25	0.0024258
27.26	0.0024258
27.27	0.0024258
27.28	0.0024258
27.29	0.0024258
27.3	0.0024258
27.31	0.0024258
27.32	0.0024258
27.33	0.0024258
27.34	0.0024258
27.35	0.0024258
27.36	0.0024258
27.37	0.0029856
27.38	0.0033588
27.39	0.0033588
27.4	0.003732
27.41	0.0039186
27.42	0.0039186
27.43	0.0039186
27.44	0.0039186
27.45	0.0039186
27.46	0.0039186
27.47	0.0039186
27.48	0.0039186
27.49	0.0039186
27.5	0.0039186
27.51	0.0039186
27.52	0.0039186
27.53	0.0039186
27.54	0.0039186
27.55	0.0039186
27.56	0.0039186
27.57	0.0039186
27.58	0.0039186
27.59	0.0039186
27.6	0.0039186
27.61	0.0039186
27.62	0.0039186
27.63	0.0039186
27.64	0.0039186
27.65	0.0039186
27.66	0.0039186
27.67	0.0039186
27.68	0.0039186
27.69	0.0039186
27.7	0.0039186
27.71	0.0039186
27.72	0.0039186
27.73	0.0039186
27.74	0.0039186
27.75	0.0039186
27.76	0.0039186
27.77	0.0039186
27.78	0.0039186
27.79	0.0039186
27.8	0.0039186
27.81	0.0039186
27.82	0.0039186
27.83	0.0039186
27.84	0.0039186
27.85	0.0039186
27.86	0.0039186
27.87	0.0039186
27.88	0.0039186
27.89	0.0039186
27.9	0.0039186
27.91	0.0039186
27.92	0.0039186
27.93	0.0039186
27.94	0.0039186
27.95	0.0039186
27.96	0.0039186
27.97	0.0039186
27.98	0.0039186
27.99	0.0039186
28	0.0039186
28.01	0.0039186
28.02	0.0039186
28.03	0.0039186
28.04	0.0039186
28.05	0.0039186
28.06	0.0039186
28.07	0.0039186
28.08	0.0039186
28.09	0.0039186
28.1	0.0039186
28.11	0.0039186
28.12	0.0039186
28.13	0.0039186
28.14	0.0039186
28.15	0.0039186
28.16	0.0039186
28.17	0.0039186
28.18	0.0039186
28.19	0.0039186
28.2	0.0039186
28.21	0.0039186
28.22	0.0039186
28.23	0.0039186
28.24	0.0039186
28.25	0.0039186
28.26	0.0041052
28.27	0.0042918
28.28	0.0042918
28.29	0.0044784
28.3	0.0044784
28.31	0.004665
28.32	0.004665
28.33	0.004665
28.34	0.004665
28.35	0.004665
28.36	0.004665
28.37	0.004665
28.38	0.004665
28.39	0.004665
28.4	0.0048517
28.41	0.0050383
28.42	0.0052249
28.43	0.0052249
28.44	0.0052249
28.45	0.0052249
28.46	0.0054115
28.47	0.0054115
28.48	0.0054115
28.49	0.0054115
28.5	0.0054115
28.51	0.0054115
28.52	0.0054115
28.53	0.0054115
28.54	0.0054115
28.55	0.0054115
28.56	0.0054115
28.57	0.0054115
28.58	0.0054115
28.59	0.0054115
28.6	0.0054115
28.61	0.0054115
28.62	0.0054115
28.63	0.0054115
28.64	0.0054115
28.65	0.0054115
28.66	0.0054115
28.67	0.0059713
28.68	0.0059713
28.69	0.0063445
28.7	0.0063445
28.71	0.0065311
28.72	0.0065311
28.73	0.0067177
28.74	0.0069043
28.75	0.0069043
28.76	0.0069043
28.77	0.0069043
28.78	0.0069043
28.79	0.0069043
28.8	0.0069043
28.81	0.0069043
28.82	0.0069043
28.83	0.0069043
28.84	0.0069043
28.85	0.0069043
28.86	0.0069043
28.87	0.0069043
28.88	0.0069043
28.89	0.0069043
28.9	0.0069043
28.91	0.0069043
28.92	0.0069043
28.93	0.0069043
28.94	0.0069043
28.95	0.0069043
28.96	0.0069043
28.97	0.0069043
28.98	0.0069043
28.99	0.0069043
29	0.0069043
29.01	0.0069043
29.02	0.0069043
29.03	0.0069043
29.04	0.0069043
29.05	0.0069043
29.06	0.0069043
29.07	0.0069043
29.08	0.0069043
29.09	0.0069043
29.1	0.0069043
29.11	0.0069043
29.12	0.0069043
29.13	0.0069043
29.14	0.0069043
29.15	0.0069043
29.16	0.0069043
29.17	0.0069043
29.18	0.0069043
29.19	0.0069043
29.2	0.0069043
29.21	0.0069043
29.22	0.0069043
29.23	0.0069043
29.24	0.0069043
29.25	0.0069043
29.26	0.0069043
29.27	0.0069043
29.28	0.0069043
29.29	0.0074641
29.3	0.0076507
29.31	0.0076507
29.32	0.0078373
29.33	0.0078373
29.34	0.0080239
29.35	0.0080239
29.36	0.0082105
29.37	0.0082105
29.38	0.0083971
29.39	0.0083971
29.4	0.0083971
29.41	0.0083971
29.42	0.0083971
29.43	0.0083971
29.44	0.0083971
29.45	0.0083971
29.46	0.0083971
29.47	0.0083971
29.48	0.0083971
29.49	0.0083971
29.5	0.0083971
29.51	0.0083971
29.52	0.0083971
29.53	0.0083971
29.54	0.0083971
29.55	0.0083971
29.56	0.0083971
29.57	0.0083971
29.58	0.0083971
29.59	0.0083971
29.6	0.0083971
29.61	0.0083971
29.62	0.0083971
29.63	0.0083971
29.64	0.0083971
29.65	0.0083971
29.66	0.0083971
29.67	0.0083971
29.68	0.0083971
29.69	0.0083971
29.7	0.0083971
29.71	0.0083971
29.72	0.0087703
29.73	0.0087703
29.74	0.0087703
29.75	0.0089569
29.76	0.0089569
29.77	0.0089569
29.78	0.0089569
29.79	0.0089569
29.8	0.0089569
29.81	0.0089569
29.82	0.0089569
29.83	0.0091435
29.84	0.0091435
29.85	0.0091435
29.86	0.0091435
29.87	0.0091435
29.88	0.0091435
29.89	0.0095167
29.9	0.0098899
29.91	0.010077
29.92	0.010077
29.93	0.010077
29.94	0.010077
29.95	0.010263
29.96	0.010263
29.97	0.010263
29.98	0.010263
29.99	0.01045
30	0.01045
30.01	0.01045
30.02	0.010636
30.03	0.010636
30.04	0.010636
30.05	0.010636
30.06	0.010636
30.07	0.010636
30.08	0.01101
30.09	0.01101
30.1	0.01101
30.11	0.01101
30.12	0.01101
30.13	0.011196
30.14	0.011196
30.15	0.011196
30.16	0.011196
30.17	0.011196
30.18	0.011196
30.19	0.011383
30.2	0.011383
30.21	0.011383
30.22	0.011383
30.23	0.011383
30.24	0.011383
30.25	0.011383
30.26	0.011383
30.27	0.011383
30.28	0.011383
30.29	0.011383
30.3	0.011383
30.31	0.011383
30.32	0.011383
30.33	0.011756
30.34	0.012129
30.35	0.012129
30.36	0.012316
30.37	0.012316
30.38	0.012316
30.39	0.012316
30.4	0.012316
30.41	0.012316
30.42	0.012502
30.43	0.012689
30.44	0.012689
30.45	0.012689
30.46	0.012689
30.47	0.012689
30.48	0.012876
30.49	0.012876
30.5	0.012876
30.51	0.012876
30.52	0.012876
30.53	0.012876
30.54	0.012876
30.55	0.012876
30.56	0.012876
30.57	0.012876
30.58	0.012876
30.59	0.012876
30.6	0.012876
30.61	0.012876
30.62	0.012876
30.63	0.012876
30.64	0.012876
30.65	0.012876
30.66	0.012876
30.67	0.012876
30.68	0.012876
30.69	0.012876
30.7	0.012876
30.71	0.012876
30.72	0.012876
30.73	0.012876
30.74	0.012876
30.75	0.012876
30.76	0.012876
30.77	0.012876
30.78	0.012876
30.79	0.012876
30.8	0.012876
30.81	0.012876
30.82	0.012876
30.83	0.012876
30.84	0.012876
30.85	0.012876
30.86	0.012876
30.87	0.012876
30.88	0.012876
30.89	0.012876
30.9	0.013062
30.91	0.013249
30.92	0.013249
30.93	0.013249
30.94	0.013249
30.95	0.014182
30.96	0.014182
30.97	0.014182
30.98	0.014182
30.99	0.014182
31	0.014368
31.01	0.014368
31.02	0.014555
31.03	0.014928
31.04	0.015301
31.05	0.015488
31.06	0.015488
31.07	0.015488
31.08	0.015488
31.09	0.015675
31.1	0.016048
31.11	0.016048
31.12	0.016048
31.13	0.016048
31.14	0.016234
31.15	0.016234
31.16	0.016234
31.17	0.016234
31.18	0.016234
31.19	0.016421
31.2	0.016421
31.21	0.016421
31.22	0.016421
31.23	0.016608
31.24	0.016608
31.25	0.016608
31.26	0.016608
31.27	0.016608
31.28	0.016608
31.29	0.016608
31.3	0.016608
31.31	0.016608
31.32	0.016608
31.33	0.016608
31.34	0.016608
31.35	0.016794
31.36	0.016794
31.37	0.017354
31.38	0.017354
31.39	0.017541
31.4	0.017541
31.41	0.017541
31.42	0.017541
31.43	0.017541
31.44	0.017541
31.45	0.017541
31.46	0.017541
31.47	0.017541
31.48	0.017727
31.49	0.017727
31.5	0.017727
31.51	0.017727
31.52	0.017914
31.53	0.017914
31.54	0.017914
31.55	0.017914
31.56	0.017914
31.57	0.017914
31.58	0.017914
31.59	0.017914
31.6	0.017914
31.61	0.0181
31.62	0.0181
31.63	0.0181
31.64	0.0181
31.65	0.0181
31.66	0.0181
31.67	0.0181
31.68	0.018474
31.69	0.018474
31.7	0.018474
31.71	0.018474
31.72	0.018474
31.73	0.018474
31.74	0.018474
31.75	0.018474
31.76	0.018474
31.77	0.01866
31.78	0.01866
31.79	0.01866
31.8	0.01866
31.81	0.01866
31.82	0.01866
31.83	0.01866
31.84	0.01866
31.85	0.018847
31.86	0.01922
31.87	0.019407
31.88	0.019407
31.89	0.019407
31.9	0.01978
31.91	0.01978
31.92	0.01978
31.93	0.01978
31.94	0.01978
31.95	0.01978
31.96	0.01978
31.97	0.01978
31.98	0.01978
31.99	0.019966
32	0.020153
32.01	0.020153
32.02	0.020153
32.03	0.020526
32.04	0.020526
32.05	0.020526
32.06	0.020713
32.07	0.020713
32.08	0.020899
32.09	0.020899
32.1	0.021086
32.11	0.021086
32.12	0.021646
32.13	0.021646
32.14	0.021646
32.15	0.021832
32.16	0.021832
32.17	0.021832
32.18	0.022019
32.19	0.022019
32.2	0.022019
32.21	0.022019
32.22	0.022019
32.23	0.022019
32.24	0.022019
32.25	0.022019
32.26	0.022019
32.27	0.022019
32.28	0.022019
32.29	0.022019
32.3	0.022206
32.31	0.022206
32.32	0.022206
32.33	0.022206
32.34	0.022392
32.35	0.022392
32.36	0.022579
32.37	0.023139
32.38	0.023139
32.39	0.023325
32.4	0.023325
32.41	0.023325
32.42	0.023325
32.43	0.023512
32.44	0.023512
32.45	0.023698
32.46	0.024072
32.47	0.024258
32.48	0.024258
32.49	0.024258
32.5	0.024445
32.51	0.024445
32.52	0.024445
32.53	0.024445
32.54	0.024631
32.55	0.024631
32.56	0.024631
32.57	0.024631
32.58	0.024631
32.59	0.024631
32.6	0.025005
32.61	0.025005
32.62	0.025005
32.63	0.025005
32.64	0.025005
32.65	0.025005
32.66	0.025005
32.67	0.025005
32.68	0.025005
32.69	0.025005
32.7	0.025005
32.71	0.025005
32.72	0.025005
32.73	0.025191
32.74	0.025378
32.75	0.025751
32.76	0.025751
32.77	0.025938
32.78	0.025938
32.79	0.026124
32.8	0.026311
32.81	0.026497
32.82	0.026497
32.83	0.026497
32.84	0.026497
32.85	0.026497
32.86	0.026497
32.87	0.026497
32.88	0.026497
32.89	0.026497
32.9	0.026497
32.91	0.026497
32.92	0.026497
32.93	0.026497
32.94	0.026497
32.95	0.026497
32.96	0.026497
32.97	0.026497
32.98	0.026684
32.99	0.026871
33	0.026871
33.01	0.027057
33.02	0.027057
33.03	0.027057
33.04	0.027057
33.05	0.027057
33.06	0.027057
33.07	0.027057
33.08	0.027244
33.09	0.027617
33.1	0.027804
33.11	0.027804
33.12	0.02799
33.13	0.02799
33.14	0.028364
33.15	0.028364
33.16	0.02855
33.17	0.028737
33.18	0.028737
33.19	0.028737
33.2	0.028737
33.21	0.028923
33.22	0.02911
33.23	0.02911
33.24	0.02911
33.25	0.029297
33.26	0.029483
33.27	0.029856
33.28	0.029856
33.29	0.030043
33.3	0.03023
33.31	0.03023
33.32	0.03023
33.33	0.030603
33.34	0.030603
33.35	0.030789
33.36	0.030976
33.37	0.030976
33.38	0.030976
33.39	0.031163
33.4	0.031163
33.41	0.031163
33.42	0.031163
33.43	0.031163
33.44	0.031163
33.45	0.031163
33.46	0.031163
33.47	0.031163
33.48	0.031163
33.49	0.031536
33.5	0.031722
33.51	0.031722
33.52	0.031909
33.53	0.031909
33.54	0.031909
33.55	0.031909
33.56	0.032096
33.57	0.032096
33.58	0.032096
33.59	0.032096
33.6	0.032282
33.61	0.032282
33.62	0.032282
33.63	0.032469
33.64	0.032842
33.65	0.032842
33.66	0.032842
33.67	0.032842
33.68	0.033029
33.69	0.033215
33.7	0.033402
33.71	0.033402
33.72	0.033402
33.73	0.033588
33.74	0.033588
33.75	0.033588
33.76	0.033588
33.77	0.033588
33.78	0.033588
33.79	0.033588
33.8	0.033588
33.81	0.033588
33.82	0.033775
33.83	0.033962
33.84	0.034148
33.85	0.034148
33.86	0.034335
33.87	0.034335
33.88	0.034335
33.89	0.034521
33.9	0.034521
33.91	0.034521
33.92	0.034708
33.93	0.034708
33.94	0.034895
33.95	0.034895
33.96	0.034895
33.97	0.035081
33.98	0.035268
33.99	0.035268
34	0.035268
34.01	0.035454
34.02	0.035454
34.03	0.035641
34.04	0.035828
34.05	0.035828
34.06	0.036014
34.07	0.036387
34.08	0.036574
34.09	0.036574
34.1	0.036947
34.11	0.036947
34.12	0.037134
34.13	0.037134
34.14	0.037134
34.15	0.037134
34.16	0.037507
34.17	0.037694
34.18	0.037694
34.19	0.037694
34.2	0.038253
34.21	0.038253
34.22	0.038253
34.23	0.038253
34.24	0.03844
34.25	0.038627
34.26	0.038627
34.27	0.038627
34.28	0.038627
34.29	0.038627
34.3	0.038627
34.31	0.038627
34.32	0.038627
34.33	0.038813
34.34	0.038813
34.35	0.039
34.36	0.039
34.37	0.039
34.38	0.039373
34.39	0.039373
34.4	0.039373
34.41	0.039373
34.42	0.03956
34.43	0.03956
34.44	0.03956
34.45	0.039746
34.46	0.039933
34.47	0.039933
34.48	0.040119
34.49	0.040306
34.5	0.040493
34.51	0.040679
34.52	0.040866
34.53	0.040866
34.54	0.040866
34.55	0.041052
34.56	0.041239
34.57	0.041239
34.58	0.041239
34.59	0.041612
34.6	0.041799
34.61	0.041799
34.62	0.041799
34.63	0.041799
34.64	0.041799
34.65	0.041799
34.66	0.041799
34.67	0.042172
34.68	0.042172
34.69	0.042172
34.7	0.042359
34.71	0.042545
34.72	0.042732
34.73	0.042918
34.74	0.042918
34.75	0.042918
34.76	0.042918
34.77	0.042918
34.78	0.042918
34.79	0.042918
34.8	0.042918
34.81	0.042918
34.82	0.043105
34.83	0.043105
34.84	0.043292
34.85	0.043292
34.86	0.043478
34.87	0.043665
34.88	0.043665
34.89	0.043851
34.9	0.043851
34.91	0.044038
34.92	0.044225
34.93	0.044411
34.94	0.044598
34.95	0.044971
34.96	0.045158
34.97	0.045158
34.98	0.045158
34.99	0.045158
35	0.045158
35.01	0.045158
35.02	0.045344
35.03	0.045531
35.04	0.045531
35.05	0.045717
35.06	0.045717
35.07	0.045904
35.08	0.046091
35.09	0.046091
35.1	0.046091
35.11	0.046277
35.12	0.046464
35.13	0.046464
35.14	0.047024
35.15	0.047024
35.16	0.04721
35.17	0.04721
35.18	0.04721
35.19	0.04777
35.2	0.04777
35.21	0.04777
35.22	0.04777
35.23	0.04833
35.24	0.04833
35.25	0.048517
35.26	0.048517
35.27	0.048517
35.28	0.048517
35.29	0.048703
35.3	0.048703
35.31	0.04889
35.32	0.04889
35.33	0.049076
35.34	0.049263
35.35	0.04945
35.36	0.04945
35.37	0.050009
35.38	0.050196
35.39	0.050569
35.4	0.050569
35.41	0.050756
35.42	0.050756
35.43	0.050756
35.44	0.050756
35.45	0.050756
35.46	0.050942
35.47	0.050942
35.48	0.050942
35.49	0.051129
35.5	0.051316
35.51	0.051316
35.52	0.051502
35.53	0.051502
35.54	0.051502
35.55	0.051502
35.56	0.051502
35.57	0.051502
35.58	0.051502
35.59	0.051502
35.6	0.051502
35.61	0.051689
35.62	0.051689
35.63	0.051689
35.64	0.051689
35.65	0.052062
35.66	0.052062
35.67	0.052249
35.68	0.052249
35.69	0.052435
35.7	0.052435
35.71	0.052435
35.72	0.052622
35.73	0.052622
35.74	0.052622
35.75	0.052808
35.76	0.053182
35.77	0.053182
35.78	0.053368
35.79	0.053368
35.8	0.053555
35.81	0.053741
35.82	0.053928
35.83	0.053928
35.84	0.054301
35.85	0.054488
35.86	0.054488
35.87	0.054674
35.88	0.054674
35.89	0.054674
35.9	0.054674
35.91	0.054674
35.92	0.054861
35.93	0.055048
35.94	0.055234
35.95	0.055234
35.96	0.055234
35.97	0.055607
35.98	0.055794
35.99	0.055794
36	0.056167
36.01	0.056167
36.02	0.056354
36.03	0.05654
36.04	0.056727
36.05	0.056914
36.06	0.057287
36.07	0.057473
36.08	0.057473
36.09	0.057847
36.1	0.057847
36.11	0.057847
36.12	0.057847
36.13	0.057847
36.14	0.057847
36.15	0.057847
36.16	0.058033
36.17	0.05822
36.18	0.058406
36.19	0.058593
36.2	0.058593
36.21	0.058966
36.22	0.058966
36.23	0.059153
36.24	0.059339
36.25	0.059339
36.26	0.059526
36.27	0.059713
36.28	0.059713
36.29	0.059713
36.3	0.059899
36.31	0.060272
36.32	0.060272
36.33	0.060646
36.34	0.060646
36.35	0.061019
36.36	0.061205
36.37	0.061392
36.38	0.061392
36.39	0.061392
36.4	0.061392
36.41	0.061392
36.42	0.061392
36.43	0.061392
36.44	0.061579
36.45	0.061579
36.46	0.062138
36.47	0.062698
36.48	0.062698
36.49	0.062698
36.5	0.062698
36.51	0.062698
36.52	0.062698
36.53	0.062698
36.54	0.062885
36.55	0.063071
36.56	0.063071
36.57	0.063071
36.58	0.063445
36.59	0.063445
36.6	0.063445
36.61	0.063631
36.62	0.063631
36.63	0.063631
36.64	0.063631
36.65	0.063818
36.66	0.064191
36.67	0.064191
36.68	0.064378
36.69	0.064378
36.7	0.064564
36.71	0.064564
36.72	0.064564
36.73	0.064751
36.74	0.064937
36.75	0.065124
36.76	0.065311
36.77	0.065497
36.78	0.065684
36.79	0.06587
36.8	0.06587
36.81	0.06587
36.82	0.066244
36.83	0.066244
36.84	0.066617
36.85	0.066804
36.86	0.066804
36.87	0.066804
36.88	0.066804
36.89	0.066804
36.9	0.06699
36.91	0.067363
36.92	0.06755
36.93	0.06755
36.94	0.06755
36.95	0.06811
36.96	0.06811
36.97	0.068483
36.98	0.06867
36.99	0.069043
37	0.069043
37.01	0.069229
37.02	0.069229
37.03	0.069229
37.04	0.069416
37.05	0.069416
37.06	0.069416
37.07	0.069416
37.08	0.069416
37.09	0.069416
37.1	0.069416
37.11	0.069416
37.12	0.069416
37.13	0.069603
37.14	0.069789
37.15	0.070162
37.16	0.070349
37.17	0.070349
37.18	0.070349
37.19	0.070536
37.2	0.070536
37.21	0.070722
37.22	0.070722
37.23	0.070722
37.24	0.070722
37.25	0.070909
37.26	0.070909
37.27	0.070909
37.28	0.070909
37.29	0.071095
37.3	0.071095
37.31	0.071469
37.32	0.071842
37.33	0.072028
37.34	0.072215
37.35	0.072402
37.36	0.072402
37.37	0.072402
37.38	0.072961
37.39	0.072961
37.4	0.072961
37.41	0.073148
37.42	0.073148
37.43	0.073335
37.44	0.073708
37.45	0.073894
37.46	0.073894
37.47	0.074268
37.48	0.074641
37.49	0.074827
37.5	0.074827
37.51	0.075014
37.52	0.075014
37.53	0.075387
37.54	0.075387
37.55	0.075387
37.56	0.075574
37.57	0.075574
37.58	0.075574
37.59	0.075947
37.6	0.07632
37.61	0.07632
37.62	0.07632
37.63	0.076693
37.64	0.076693
37.65	0.07688
37.66	0.07744
37.67	0.07744
37.68	0.077626
37.69	0.077813
37.7	0.077813
37.71	0.077813
37.72	0.077813
37.73	0.078
37.74	0.078186
37.75	0.078373
37.76	0.078373
37.77	0.078559
37.78	0.078933
37.79	0.079119
37.8	0.079119
37.81	0.079492
37.82	0.079492
37.83	0.079866
37.84	0.080239
37.85	0.080612
37.86	0.080612
37.87	0.080799
37.88	0.080799
37.89	0.080799
37.9	0.080799
37.91	0.080799
37.92	0.080799
37.93	0.080799
37.94	0.080799
37.95	0.080799
37.96	0.080799
37.97	0.080985
37.98	0.080985
37.99	0.081172
38	0.081358
38.01	0.081732
38.02	0.081732
38.03	0.081918
38.04	0.082105
38.05	0.082291
38.06	0.082478
38.07	0.082851
38.08	0.083224
38.09	0.083411
38.1	0.083411
38.11	0.083411
38.12	0.083411
38.13	0.083598
38.14	0.083784
38.15	0.083971
38.16	0.083971
38.17	0.083971
38.18	0.084157
38.19	0.084344
38.2	0.084344
38.21	0.084344
38.22	0.084531
38.23	0.084717
38.24	0.084717
38.25	0.084904
38.26	0.084904
38.27	0.084904
38.28	0.085091
38.29	0.085277
38.3	0.085277
38.31	0.085277
38.32	0.085277
38.33	0.085277
38.34	0.085277
38.35	0.085277
38.36	0.085464
38.37	0.085464
38.38	0.085837
38.39	0.085837
38.4	0.08621
38.41	0.086397
38.42	0.086583
38.43	0.08677
38.44	0.08677
38.45	0.08677
38.46	0.087143
38.47	0.087516
38.48	0.087516
38.49	0.087703
38.5	0.08789
38.51	0.08789
38.52	0.088076
38.53	0.088263
38.54	0.088263
38.55	0.088263
38.56	0.088823
38.57	0.088823
38.58	0.089009
38.59	0.089382
38.6	0.089382
38.61	0.089382
38.62	0.089569
38.63	0.089569
38.64	0.089569
38.65	0.089569
38.66	0.089756
38.67	0.090129
38.68	0.090129
38.69	0.090315
38.7	0.090689
38.71	0.090689
38.72	0.091248
38.73	0.091248
38.74	0.091248
38.75	0.091808
38.76	0.092181
38.77	0.092368
38.78	0.092368
38.79	0.092368
38.8	0.092368
38.81	0.092555
38.82	0.092555
38.83	0.092741
38.84	0.092928
38.85	0.092928
38.86	0.092928
38.87	0.093114
38.88	0.093301
38.89	0.093301
38.9	0.093301
38.91	0.093861
38.92	0.093861
38.93	0.093861
38.94	0.094047
38.95	0.094421
38.96	0.094607
38.97	0.094794
38.98	0.094794
38.99	0.09498
39	0.09498
39.01	0.095167
39.02	0.095167
39.03	0.095167
39.04	0.09554
39.05	0.095913
39.06	0.095913
39.07	0.0961
39.08	0.096473
39.09	0.096473
39.1	0.09666
39.11	0.09666
39.12	0.09666
39.13	0.096846
39.14	0.097033
39.15	0.097033
39.16	0.097406
39.17	0.097779
39.18	0.097966
39.19	0.097966
39.2	0.097966
39.21	0.098153
39.22	0.098712
39.23	0.098712
39.24	0.098712
39.25	0.098899
39.26	0.099086
39.27	0.099459
39.28	0.099645
39.29	0.099832
39.3	0.10002
39.31	0.10002
39.32	0.10021
39.33	0.10039
39.34	0.10058
39.35	0.10058
39.36	0.10077
39.37	0.10114
39.38	0.10132
39.39	0.10132
39.4	0.1017
39.41	0.1017
39.42	0.1017
39.43	0.1017
39.44	0.1017
39.45	0.1017
39.46	0.1017
39.47	0.10188
39.48	0.10188
39.49	0.10188
39.5	0.10188
39.51	0.10188
39.52	0.10207
39.53	0.10226
39.54	0.10244
39.55	0.10263
39.56	0.10282
39.57	0.10282
39.58	0.10282
39.59	0.10282
39.6	0.10338
39.61	0.10338
39.62	0.10356
39.63	0.10356
39.64	0.10375
39.65	0.10394
39.66	0.10431
39.67	0.10431
39.68	0.1045
39.69	0.1045
39.7	0.1045
39.71	0.10487
39.72	0.10487
39.73	0.10524
39.74	0.10524
39.75	0.10562
39.76	0.10599
39.77	0.10636
39.78	0.10636
39.79	0.10636
39.8	0.10636
39.81	0.10655
39.82	0.10655
39.83	0.10655
39.84	0.10655
39.85	0.10692
39.86	0.10711
39.87	0.10767
39.88	0.10786
39.89	0.10786
39.9	0.10804
39.91	0.10823
39.92	0.10823
39.93	0.10842
39.94	0.10842
39.95	0.10879
39.96	0.10879
39.97	0.10935
39.98	0.10972
39.99	0.10991
40	0.10991
40.01	0.1101
40.02	0.1101
40.03	0.1101
40.04	0.1101
40.05	0.1101
40.06	0.11028
40.07	0.11065
40.08	0.11084
40.09	0.11103
40.1	0.11121
40.11	0.1114
40.12	0.1114
40.13	0.1114
40.14	0.1114
40.15	0.1114
40.16	0.1114
40.17	0.1114
40.18	0.11159
40.19	0.11159
40.2	0.11196
40.21	0.11233
40.22	0.11289
40.23	0.11289
40.24	0.11308
40.25	0.11327
40.26	0.11345
40.27	0.11345
40.28	0.11345
40.29	0.11364
40.3	0.11383
40.31	0.11383
40.32	0.1142
40.33	0.1142
40.34	0.1142
40.35	0.1142
40.36	0.1142
40.37	0.11457
40.38	0.11476
40.39	0.11495
40.4	0.11513
40.41	0.11513
40.42	0.11551
40.43	0.11551
40.44	0.11551
40.45	0.11551
40.46	0.11551
40.47	0.11551
40.48	0.11551
40.49	0.11551
40.5	0.11551
40.51	0.11588
40.52	0.11607
40.53	0.11607
40.54	0.11625
40.55	0.11644
40.56	0.11663
40.57	0.11663
40.58	0.11663
40.59	0.11681
40.6	0.117
40.61	0.117
40.62	0.117
40.63	0.117
40.64	0.117
40.65	0.117
40.66	0.117
40.67	0.11719
40.68	0.11737
40.69	0.11737
40.7	0.11775
40.71	0.11775
40.72	0.11793
40.73	0.11831
40.74	0.11849
40.75	0.11868
40.76	0.11868
40.77	0.11905
40.78	0.11924
40.79	0.11943
40.8	0.11943
40.81	0.11961
40.82	0.1198
40.83	0.12017
40.84	0.1211
40.85	0.12185
40.86	0.12185
40.87	0.12222
40.88	0.12222
40.89	0.12241
40.9	0.12241
40.91	0.1226
40.92	0.12278
40.93	0.12297
40.94	0.12316
40.95	0.12334
40.96	0.12353
40.97	0.1239
40.98	0.1239
40.99	0.1239
41	0.1239
41.01	0.1239
41.02	0.1239
41.03	0.12409
41.04	0.12409
41.05	0.12409
41.06	0.12409
41.07	0.12446
41.08	0.12484
41.09	0.12484
41.1	0.12484
41.11	0.12502
41.12	0.12502
41.13	0.12502
41.14	0.12502
41.15	0.12521
41.16	0.1254
41.17	0.1254
41.18	0.12577
41.19	0.12596
41.2	0.12652
41.21	0.1267
41.22	0.12689
41.23	0.12689
41.24	0.12708
41.25	0.12726
41.26	0.12745
41.27	0.12782
41.28	0.12838
41.29	0.12838
41.3	0.12876
41.31	0.12932
41.32	0.12932
41.33	0.12969
41.34	0.12969
41.35	0.12987
41.36	0.12987
41.37	0.12987
41.38	0.12987
41.39	0.12987
41.4	0.12987
41.41	0.13006
41.42	0.13006
41.43	0.13006
41.44	0.13006
41.45	0.13006
41.46	0.13006
41.47	0.13025
41.48	0.13062
41.49	0.13062
41.5	0.13081
41.51	0.13099
41.52	0.13099
41.53	0.13155
41.54	0.13193
41.55	0.13193
41.56	0.13211
41.57	0.13211
41.58	0.1323
41.59	0.1323
41.6	0.13267
41.61	0.13267
41.62	0.13286
41.63	0.13286
41.64	0.13305
41.65	0.13305
41.66	0.13323
41.67	0.13361
41.68	0.13379
41.69	0.13379
41.7	0.13398
41.71	0.13398
41.72	0.13398
41.73	0.13417
41.74	0.13417
41.75	0.13417
41.76	0.13417
41.77	0.13435
41.78	0.13454
41.79	0.13454
41.8	0.13473
41.81	0.13491
41.82	0.13529
41.83	0.13566
41.84	0.13603
41.85	0.13603
41.86	0.13603
41.87	0.13622
41.88	0.13622
41.89	0.13622
41.9	0.13622
41.91	0.13622
41.92	0.13659
41.93	0.13678
41.94	0.13734
41.95	0.13734
41.96	0.13753
41.97	0.1379
41.98	0.13827
41.99	0.13846
42	0.13846
42.01	0.13883
42.02	0.13883
42.03	0.13883
42.04	0.13883
42.05	0.13902
42.06	0.13902
42.07	0.13921
42.08	0.13958
42.09	0.13958
42.1	0.13958
42.11	0.13976
42.12	0.13976
42.13	0.13976
42.14	0.13976
42.15	0.13976
42.16	0.13995
42.17	0.13995
42.18	0.14032
42.19	0.14051
42.2	0.1407
42.21	0.1407
42.22	0.14107
42.23	0.14144
42.24	0.14182
42.25	0.14182
42.26	0.14182
42.27	0.14182
42.28	0.14182
42.29	0.14182
42.3	0.14219
42.31	0.14219
42.32	0.14238
42.33	0.14256
42.34	0.14275
42.35	0.14294
42.36	0.14294
42.37	0.14312
42.38	0.14331
42.39	0.1435
42.4	0.14368
42.41	0.14406
42.42	0.14406
42.43	0.14406
42.44	0.14443
42.45	0.14462
42.46	0.1448
42.47	0.14499
42.48	0.14518
42.49	0.14536
42.5	0.14574
42.51	0.14592
42.52	0.14592
42.53	0.14611
42.54	0.14667
42.55	0.14667
42.56	0.14667
42.57	0.14667
42.58	0.14667
42.59	0.14742
42.6	0.14742
42.61	0.14742
42.62	0.14742
42.63	0.14798
42.64	0.14816
42.65	0.14835
42.66	0.14854
42.67	0.14854
42.68	0.14854
42.69	0.14872
42.7	0.14872
42.71	0.14872
42.72	0.14872
42.73	0.14891
42.74	0.14909
42.75	0.14909
42.76	0.14909
42.77	0.14909
42.78	0.14909
42.79	0.14909
42.8	0.14947
42.81	0.14947
42.82	0.14947
42.83	0.14965
42.84	0.14984
42.85	0.15003
42.86	0.1504
42.87	0.1504
42.88	0.15059
42.89	0.15059
42.9	0.15059
42.91	0.15059
42.92	0.15059
42.93	0.15096
42.94	0.15115
42.95	0.15152
42.96	0.15152
42.97	0.15152
42.98	0.15171
42.99	0.15171
43	0.15208
43.01	0.15208
43.02	0.15227
43.03	0.15283
43.04	0.15301
43.05	0.15301
43.06	0.15301
43.07	0.15301
43.08	0.15301
43.09	0.15357
43.1	0.15376
43.11	0.15376
43.12	0.15395
43.13	0.15395
43.14	0.15413
43.15	0.15432
43.16	0.15432
43.17	0.15469
43.18	0.15488
43.19	0.15507
43.2	0.15507
43.21	0.15563
43.22	0.15581
43.23	0.15581
43.24	0.15581
43.25	0.15581
43.26	0.156
43.27	0.156
43.28	0.156
43.29	0.15656
43.3	0.15656
43.31	0.15693
43.32	0.15693
43.33	0.15693
43.34	0.15712
43.35	0.15731
43.36	0.15731
43.37	0.15749
43.38	0.15749
43.39	0.15768
43.4	0.15768
43.41	0.15768
43.42	0.15787
43.43	0.15787
43.44	0.15787
43.45	0.15843
43.46	0.15843
43.47	0.1588
43.48	0.15917
43.49	0.15936
43.5	0.15936
43.51	0.15936
43.52	0.15936
43.53	0.15936
43.54	0.15973
43.55	0.15992
43.56	0.1601
43.57	0.1601
43.58	0.1601
43.59	0.1601
43.6	0.16029
43.61	0.16029
43.62	0.16029
43.63	0.16029
43.64	0.16066
43.65	0.16066
43.66	0.16085
43.67	0.16104
43.68	0.16104
43.69	0.16104
43.7	0.16104
43.71	0.16104
43.72	0.16122
43.73	0.16141
43.74	0.16178
43.75	0.16178
43.76	0.16178
43.77	0.16197
43.78	0.16234
43.79	0.16234
43.8	0.16253
43.81	0.16272
43.82	0.1629
43.83	0.1629
43.84	0.16309
43.85	0.16309
43.86	0.16346
43.87	0.16346
43.88	0.16365
43.89	0.16384
43.9	0.16402
43.91	0.16402
43.92	0.16402
43.93	0.16421
43.94	0.16458
43.95	0.16477
43.96	0.16477
43.97	0.16477
43.98	0.16514
43.99	0.16533
44	0.16533
44.01	0.16533
44.02	0.16552
44.03	0.1657
44.04	0.1657
44.05	0.16608
44.06	0.16608
44.07	0.16645
44.08	0.16645
44.09	0.16664
44.1	0.16664
44.11	0.16701
44.12	0.1672
44.13	0.16738
44.14	0.16776
44.15	0.16813
44.16	0.16831
44.17	0.16869
44.18	0.16869
44.19	0.16906
44.2	0.16906
44.21	0.16906
44.22	0.16943
44.23	0.16981
44.24	0.16999
44.25	0.17018
44.26	0.17018
44.27	0.17037
44.28	0.17055
44.29	0.17074
44.3	0.17074
44.31	0.17074
44.32	0.17093
44.33	0.17111
44.34	0.17111
44.35	0.17167
44.36	0.17167
44.37	0.17205
44.38	0.17205
44.39	0.17223
44.4	0.17223
44.41	0.17242
44.42	0.17242
44.43	0.17261
44.44	0.17261
44.45	0.17279
44.46	0.17298
44.47	0.17298
44.48	0.17317
44.49	0.17354
44.5	0.17373
44.51	0.17391
44.52	0.17429
44.53	0.17447
44.54	0.17447
44.55	0.17447
44.56	0.17466
44.57	0.17466
44.58	0.17485
44.59	0.17503
44.6	0.17503
44.61	0.17503
44.62	0.17503
44.63	0.17503
44.64	0.17522
44.65	0.17522
44.66	0.17522
44.67	0.17522
44.68	0.17522
44.69	0.17522
44.7	0.17522
44.71	0.17541
44.72	0.17559
44.73	0.17578
44.74	0.17597
44.75	0.17597
44.76	0.17597
44.77	0.17615
44.78	0.17634
44.79	0.17634
44.8	0.17653
44.81	0.17653
44.82	0.1769
44.83	0.17709
44.84	0.17709
44.85	0.17727
44.86	0.17765
44.87	0.17765
44.88	0.17783
44.89	0.1782
44.9	0.1782
44.91	0.1782
44.92	0.1782
44.93	0.17839
44.94	0.17858
44.95	0.17858
44.96	0.17876
44.97	0.17895
44.98	0.17895
44.99	0.17895
45	0.17914
45.01	0.17932
45.02	0.17932
45.03	0.17988
45.04	0.17988
45.05	0.18007
45.06	0.18026
45.07	0.18044
45.08	0.18082
45.09	0.18119
45.1	0.18119
45.11	0.18119
45.12	0.18119
45.13	0.18156
45.14	0.18175
45.15	0.18175
45.16	0.18175
45.17	0.18194
45.18	0.18231
45.19	0.1825
45.2	0.18268
45.21	0.18306
45.22	0.18324
45.23	0.18324
45.24	0.18343
45.25	0.1838
45.26	0.18399
45.27	0.18399
45.28	0.18399
45.29	0.18418
45.3	0.18455
45.31	0.18455
45.32	0.18455
45.33	0.18455
45.34	0.18455
45.35	0.18455
45.36	0.18455
45.37	0.18511
45.38	0.1853
45.39	0.18548
45.4	0.18586
45.41	0.18604
45.42	0.18623
45.43	0.1866
45.44	0.1866
45.45	0.18679
45.46	0.18679
45.47	0.18698
45.48	0.18716
45.49	0.18716
45.5	0.18735
45.51	0.18753
45.52	0.18772
45.53	0.18772
45.54	0.18772
45.55	0.18772
45.56	0.18809
45.57	0.18809
45.58	0.18828
45.59	0.18828
45.6	0.18828
45.61	0.18847
45.62	0.18847
45.63	0.18847
45.64	0.18865
45.65	0.18884
45.66	0.18921
45.67	0.18921
45.68	0.18921
45.69	0.1894
45.7	0.18959
45.71	0.18977
45.72	0.18996
45.73	0.19033
45.74	0.19033
45.75	0.19033
45.76	0.19033
45.77	0.19052
45.78	0.19089
45.79	0.19089
45.8	0.19089
45.81	0.19108
45.82	0.19145
45.83	0.19145
45.84	0.19183
45.85	0.19183
45.86	0.19201
45.87	0.19201
45.88	0.1922
45.89	0.19257
45.9	0.19295
45.91	0.19313
45.92	0.19332
45.93	0.19332
45.94	0.19351
45.95	0.19351
45.96	0.19351
45.97	0.19351
45.98	0.19369
45.99	0.19369
46	0.19388
46.01	0.19388
46.02	0.19407
46.03	0.19407
46.04	0.19425
46.05	0.19463
46.06	0.19481
46.07	0.19481
46.08	0.19481
46.09	0.195
46.1	0.19537
46.11	0.19537
46.12	0.19537
46.13	0.19556
46.14	0.19556
46.15	0.19593
46.16	0.19593
46.17	0.19649
46.18	0.19668
46.19	0.19687
46.2	0.19687
46.21	0.19705
46.22	0.19724
46.23	0.19724
46.24	0.19724
46.25	0.19761
46.26	0.19798
46.27	0.19817
46.28	0.19817
46.29	0.19817
46.3	0.19817
46.31	0.19817
46.32	0.19836
46.33	0.19836
46.34	0.19836
46.35	0.19854
46.36	0.19873
46.37	0.19873
46.38	0.19873
46.39	0.19873
46.4	0.19873
46.41	0.19873
46.42	0.19873
46.43	0.19873
46.44	0.19873
46.45	0.19873
46.46	0.19892
46.47	0.1991
46.48	0.1991
46.49	0.19929
46.5	0.19929
46.51	0.19948
46.52	0.19948
46.53	0.19948
46.54	0.19948
46.55	0.19966
46.56	0.20004
46.57	0.20041
46.58	0.20041
46.59	0.20041
46.6	0.20041
46.61	0.2006
46.62	0.2006
46.63	0.20078
46.64	0.20097
46.65	0.20097
46.66	0.20097
46.67	0.20097
46.68	0.20134
46.69	0.20134
46.7	0.20153
46.71	0.20172
46.72	0.2019
46.73	0.20209
46.74	0.20246
46.75	0.20265
46.76	0.20284
46.77	0.20302
46.78	0.20302
46.79	0.20321
46.8	0.20321
46.81	0.2034
46.82	0.2034
46.83	0.2034
46.84	0.2034
46.85	0.20358
46.86	0.20377
46.87	0.20396
46.88	0.20452
46.89	0.20452
46.9	0.20452
46.91	0.2047
46.92	0.2047
46.93	0.2047
46.94	0.2047
46.95	0.20489
46.96	0.20508
46.97	0.20508
46.98	0.20508
46.99	0.20508
47	0.20526
47.01	0.20526
47.02	0.20545
47.03	0.20582
47.04	0.20582
47.05	0.20601
47.06	0.20601
47.07	0.20601
47.08	0.20601
47.09	0.2062
47.1	0.20638
47.11	0.20638
47.12	0.20657
47.13	0.20713
47.14	0.20713
47.15	0.20713
47.16	0.20713
47.17	0.20713
47.18	0.20731
47.19	0.2075
47.2	0.2075
47.21	0.20787
47.22	0.20787
47.23	0.20787
47.24	0.20825
47.25	0.20825
47.26	0.20825
47.27	0.20843
47.28	0.20843
47.29	0.20862
47.3	0.20899
47.31	0.20899
47.32	0.20955
47.33	0.20955
47.34	0.20955
47.35	0.20974
47.36	0.20993
47.37	0.2103
47.38	0.2103
47.39	0.21049
47.4	0.21049
47.41	0.21067
47.42	0.21067
47.43	0.21105
47.44	0.21105
47.45	0.21123
47.46	0.21142
47.47	0.21142
47.48	0.21161
47.49	0.21179
47.5	0.21198
47.51	0.21217
47.52	0.21235
47.53	0.21235
47.54	0.21291
47.55	0.21329
47.56	0.21329
47.57	0.21329
47.58	0.21366
47.59	0.21366
47.6	0.21366
47.61	0.21366
47.62	0.21366
47.63	0.21385
47.64	0.21385
47.65	0.21422
47.66	0.21441
47.67	0.21459
47.68	0.21459
47.69	0.21459
47.7	0.21459
47.71	0.21459
47.72	0.21497
47.73	0.21497
47.74	0.21497
47.75	0.21497
47.76	0.21497
47.77	0.21497
47.78	0.21534
47.79	0.21534
47.8	0.21534
47.81	0.21553
47.82	0.21609
47.83	0.21609
47.84	0.21627
47.85	0.21646
47.86	0.21646
47.87	0.21646
47.88	0.21646
47.89	0.21664
47.9	0.21664
47.91	0.21683
47.92	0.2172
47.93	0.2172
47.94	0.2172
47.95	0.21758
47.96	0.21776
47.97	0.21776
47.98	0.21776
47.99	0.21776
48	0.21814
48.01	0.21851
48.02	0.21888
48.03	0.21888
48.04	0.21907
48.05	0.21926
48.06	0.21926
48.07	0.21926
48.08	0.21944
48.09	0.21944
48.1	0.21944
48.11	0.21963
48.12	0.21963
48.13	0.22
48.14	0.22019
48.15	0.22019
48.16	0.22019
48.17	0.22019
48.18	0.22038
48.19	0.22038
48.2	0.22038
48.21	0.22038
48.22	0.22075
48.23	0.22094
48.24	0.22112
48.25	0.2215
48.26	0.22168
48.27	0.22168
48.28	0.22187
48.29	0.22206
48.3	0.22206
48.31	0.22206
48.32	0.22206
48.33	0.22206
48.34	0.22206
48.35	0.22206
48.36	0.22206
48.37	0.22224
48.38	0.22243
48.39	0.22243
48.4	0.22243
48.41	0.22262
48.42	0.22262
48.43	0.22299
48.44	0.22299
48.45	0.22299
48.46	0.22318
48.47	0.22336
48.48	0.22374
48.49	0.22374
48.5	0.22374
48.51	0.22374
48.52	0.22374
48.53	0.22374
48.54	0.22392
48.55	0.22392
48.56	0.22411
48.57	0.2243
48.58	0.2243
48.59	0.22467
48.6	0.22467
48.61	0.22467
48.62	0.22486
48.63	0.22486
48.64	0.22486
48.65	0.22523
48.66	0.2256
48.67	0.2256
48.68	0.22597
48.69	0.22597
48.7	0.22616
48.71	0.22616
48.72	0.22616
48.73	0.22635
48.74	0.22653
48.75	0.22691
48.76	0.22691
48.77	0.22691
48.78	0.22709
48.79	0.22728
48.8	0.22728
48.81	0.22728
48.82	0.22747
48.83	0.22747
48.84	0.22747
48.85	0.22747
48.86	0.22747
48.87	0.22765
48.88	0.22765
48.89	0.22784
48.9	0.22803
48.91	0.22803
48.92	0.22803
48.93	0.22821
48.94	0.22859
48.95	0.22896
48.96	0.22952
48.97	0.22952
48.98	0.22952
48.99	0.22952
49	0.22952
49.01	0.22971
49.02	0.22989
49.03	0.23008
49.04	0.23008
49.05	0.23027
49.06	0.23045
49.07	0.23045
49.08	0.23045
49.09	0.23045
49.1	0.23045
49.11	0.23064
49.12	0.23064
49.13	0.23064
49.14	0.23083
49.15	0.23083
49.16	0.2312
49.17	0.23139
49.18	0.23139
49.19	0.23139
49.2	0.23139
49.21	0.23157
49.22	0.23195
49.23	0.23195
49.24	0.23195
49.25	0.23195
49.26	0.23232
49.27	0.23232
49.28	0.23232
49.29	0.23232
49.3	0.23232
49.31	0.23251
49.32	0.23307
49.33	0.23325
49.34	0.23325
49.35	0.23344
49.36	0.23381
49.37	0.234
49.38	0.23419
49.39	0.23437
49.4	0.23475
49.41	0.23493
49.42	0.23493
49.43	0.23493
49.44	0.23493
49.45	0.23493
49.46	0.23493
49.47	0.23493
49.48	0.23512
49.49	0.23512
49.5	0.23512
49.51	0.23512
49.52	0.23512
49.53	0.23512
49.54	0.23512
49.55	0.23512
49.56	0.23512
49.57	0.23512
49.58	0.23512
49.59	0.23549
49.6	0.23568
49.61	0.23586
49.62	0.23586
49.63	0.23586
49.64	0.23586
49.65	0.23586
49.66	0.23605
49.67	0.23605
49.68	0.23605
49.69	0.23624
49.7	0.23624
49.71	0.23624
49.72	0.23642
49.73	0.2368
49.74	0.23698
49.75	0.23754
49.76	0.23754
49.77	0.23773
49.78	0.23773
49.79	0.2381
49.8	0.23829
49.81	0.23848
49.82	0.23885
49.83	0.23922
49.84	0.23941
49.85	0.2396
49.86	0.23978
49.87	0.23997
49.88	0.24016
49.89	0.24016
49.9	0.24016
49.91	0.24053
49.92	0.24053
49.93	0.2409
49.94	0.2409
49.95	0.2409
49.96	0.24109
49.97	0.24109
49.98	0.24128
49.99	0.24128
50	0.24128
50.01	0.24128
50.02	0.24146
50.03	0.24184
50.04	0.24202
50.05	0.24202
50.06	0.24202
50.07	0.2424
50.08	0.24258
50.09	0.24258
50.1	0.24258
50.11	0.24277
50.12	0.24314
50.13	0.24314
50.14	0.24314
50.15	0.24352
50.16	0.24352
50.17	0.24352
50.18	0.24389
50.19	0.24408
50.2	0.24408
50.21	0.24408
50.22	0.24426
50.23	0.24426
50.24	0.24445
50.25	0.24445
50.26	0.24445
50.27	0.24445
50.28	0.24464
50.29	0.24482
50.3	0.24501
50.31	0.24501
50.32	0.24501
50.33	0.24501
50.34	0.24501
50.35	0.24501
50.36	0.24501
50.37	0.24501
50.38	0.24501
50.39	0.24538
50.4	0.24538
50.41	0.24575
50.42	0.24575
50.43	0.24594
50.44	0.24594
50.45	0.24594
50.46	0.24613
50.47	0.24631
50.48	0.24631
50.49	0.24631
50.5	0.24631
50.51	0.24631
50.52	0.24687
50.53	0.24706
50.54	0.24706
50.55	0.24725
50.56	0.24725
50.57	0.24762
50.58	0.24781
50.59	0.24781
50.6	0.24781
50.61	0.24781
50.62	0.24799
50.63	0.24818
50.64	0.24837
50.65	0.24837
50.66	0.24893
50.67	0.24893
50.68	0.24911
50.69	0.2493
50.7	0.24949
50.71	0.24949
50.72	0.24949
50.73	0.24949
50.74	0.24949
50.75	0.24949
50.76	0.24949
50.77	0.24967
50.78	0.24986
50.79	0.24986
50.8	0.25005
50.81	0.25005
50.82	0.25005
50.83	0.25042
50.84	0.25042
50.85	0.25042
50.86	0.25042
50.87	0.25061
50.88	0.25079
50.89	0.25079
50.9	0.25079
50.91	0.25117
50.92	0.25117
50.93	0.25135
50.94	0.25135
50.95	0.25154
50.96	0.25154
50.97	0.25154
50.98	0.25154
50.99	0.25154
51	0.2521
51.01	0.25229
51.02	0.25229
51.03	0.25247
51.04	0.25247
51.05	0.25247
51.06	0.25247
51.07	0.25247
51.08	0.25303
51.09	0.25341
51.1	0.25341
51.11	0.25341
51.12	0.25359
51.13	0.25359
51.14	0.25378
51.15	0.25378
51.16	0.25378
51.17	0.25397
51.18	0.25415
51.19	0.25453
51.2	0.25453
51.21	0.25453
51.22	0.25453
51.23	0.25453
51.24	0.25471
51.25	0.25508
51.26	0.25508
51.27	0.25527
51.28	0.25546
51.29	0.25546
51.3	0.25564
51.31	0.2562
51.32	0.2562
51.33	0.25639
51.34	0.25658
51.35	0.25676
51.36	0.25676
51.37	0.25676
51.38	0.25695
51.39	0.25732
51.4	0.25732
51.41	0.25732
51.42	0.25732
51.43	0.25751
51.44	0.25751
51.45	0.2577
51.46	0.2577
51.47	0.2577
51.48	0.25788
51.49	0.25788
51.5	0.25788
51.51	0.25788
51.52	0.25807
51.53	0.25826
51.54	0.25826
51.55	0.25863
51.56	0.25863
51.57	0.25863
51.58	0.25863
51.59	0.25863
51.6	0.25863
51.61	0.25882
51.62	0.25882
51.63	0.259
51.64	0.259
51.65	0.259
51.66	0.25919
51.67	0.25938
51.68	0.25938
51.69	0.25956
51.7	0.25956
51.71	0.25956
51.72	0.25956
51.73	0.25975
51.74	0.25994
51.75	0.26012
51.76	0.26031
51.77	0.26031
51.78	0.26087
51.79	0.26087
51.8	0.26087
51.81	0.26106
51.82	0.26106
51.83	0.26106
51.84	0.26106
51.85	0.26106
51.86	0.26106
51.87	0.26106
51.88	0.26106
51.89	0.26106
51.9	0.26106
51.91	0.26106
51.92	0.26106
51.93	0.26124
51.94	0.26124
51.95	0.26143
51.96	0.26162
51.97	0.26162
51.98	0.2618
51.99	0.26218
52	0.26236
52.01	0.26255
52.02	0.26255
52.03	0.26274
52.04	0.26274
52.05	0.26274
52.06	0.26274
52.07	0.26274
52.08	0.26274
52.09	0.26292
52.1	0.26292
52.11	0.26292
52.12	0.26311
52.13	0.26348
52.14	0.26367
52.15	0.26386
52.16	0.26386
52.17	0.26386
52.18	0.26386
52.19	0.26386
52.2	0.26386
52.21	0.26423
52.22	0.26423
52.23	0.26423
52.24	0.26442
52.25	0.2646
52.26	0.2646
52.27	0.2646
52.28	0.26479
52.29	0.26479
52.3	0.26479
52.31	0.26497
52.32	0.26516
52.33	0.26516
52.34	0.26535
52.35	0.26553
52.36	0.26591
52.37	0.26609
52.38	0.26609
52.39	0.26628
52.4	0.26628
52.41	0.26628
52.42	0.26628
52.43	0.26647
52.44	0.26665
52.45	0.26684
52.46	0.26703
52.47	0.26721
52.48	0.26721
52.49	0.2674
52.5	0.2674
52.51	0.26759
52.52	0.26759
52.53	0.26777
52.54	0.26777
52.55	0.26777
52.56	0.26796
52.57	0.26796
52.58	0.26796
52.59	0.26796
52.6	0.26815
52.61	0.26815
52.62	0.26833
52.63	0.26833
52.64	0.26852
52.65	0.26852
52.66	0.26852
52.67	0.26852
52.68	0.26852
52.69	0.26852
52.7	0.26852
52.71	0.26852
52.72	0.26889
52.73	0.26889
52.74	0.26908
52.75	0.26908
52.76	0.26927
52.77	0.26927
52.78	0.26927
52.79	0.26945
52.8	0.26964
52.81	0.26964
52.82	0.26964
52.83	0.26964
52.84	0.26964
52.85	0.26983
52.86	0.26983
52.87	0.27001
52.88	0.27001
52.89	0.27001
52.9	0.27039
52.91	0.27039
52.92	0.27057
52.93	0.27057
52.94	0.27076
52.95	0.27095
52.96	0.27132
52.97	0.27132
52.98	0.27151
52.99	0.27151
53	0.27151
53.01	0.27169
53.02	0.27169
53.03	0.27188
53.04	0.27225
53.05	0.27225
53.06	0.27225
53.07	0.27225
53.08	0.27263
53.09	0.27263
53.1	0.27281
53.11	0.27281
53.12	0.27281
53.13	0.27281
53.14	0.273
53.15	0.273
53.16	0.273
53.17	0.273
53.18	0.273
53.19	0.27319
53.2	0.27337
53.21	0.27337
53.22	0.27337
53.23	0.27375
53.24	0.27375
53.25	0.27375
53.26	0.27393
53.27	0.27393
53.28	0.27412
53.29	0.2743
53.3	0.2743
53.31	0.27468
53.32	0.27468
53.33	0.27468
53.34	0.27486
53.35	0.27505
53.36	0.27505
53.37	0.27505
53.38	0.27505
53.39	0.27505
53.4	0.27524
53.41	0.27524
53.42	0.27524
53.43	0.27524
53.44	0.27524
53.45	0.27524
53.46	0.27542
53.47	0.27561
53.48	0.2758
53.49	0.2758
53.5	0.27617
53.51	0.27617
53.52	0.27617
53.53	0.27636
53.54	0.27636
53.55	0.27692
53.56	0.27692
53.57	0.27692
53.58	0.27692
53.59	0.27729
53.6	0.27729
53.61	0.27729
53.62	0.27729
53.63	0.27729
53.64	0.27729
53.65	0.27748
53.66	0.27748
53.67	0.27748
53.68	0.27785
53.69	0.27785
53.7	0.27804
53.71	0.27804
53.72	0.27804
53.73	0.27804
53.74	0.27804
53.75	0.27822
53.76	0.27822
53.77	0.27822
53.78	0.2786
53.79	0.27878
53.8	0.27878
53.81	0.27897
53.82	0.27934
53.83	0.27934
53.84	0.27934
53.85	0.27934
53.86	0.27934
53.87	0.27972
53.88	0.2799
53.89	0.2799
53.9	0.2799
53.91	0.2799
53.92	0.2799
53.93	0.2799
53.94	0.2799
53.95	0.2799
53.96	0.28009
53.97	0.28046
53.98	0.28046
53.99	0.28046
54	0.28046
54.01	0.28084
54.02	0.28084
54.03	0.28084
54.04	0.28084
54.05	0.28084
54.06	0.28121
54.07	0.2814
54.08	0.28158
54.09	0.28177
54.1	0.28177
54.11	0.28196
54.12	0.28196
54.13	0.28196
54.14	0.28196
54.15	0.28214
54.16	0.28214
54.17	0.28233
54.18	0.2827
54.19	0.2827
54.2	0.28289
54.21	0.28308
54.22	0.28326
54.23	0.28326
54.24	0.28326
54.25	0.28326
54.26	0.28345
54.27	0.28364
54.28	0.28382
54.29	0.28382
54.3	0.28401
54.31	0.28401
54.32	0.28401
54.33	0.28419
54.34	0.28419
54.35	0.28438
54.36	0.28438
54.37	0.28438
54.38	0.28475
54.39	0.28494
54.4	0.28494
54.41	0.28494
54.42	0.28494
54.43	0.2855
54.44	0.2855
54.45	0.28569
54.46	0.28569
54.47	0.28569
54.48	0.28606
54.49	0.28606
54.5	0.28606
54.51	0.28625
54.52	0.28625
54.53	0.28625
54.54	0.28643
54.55	0.28662
54.56	0.28662
54.57	0.28662
54.58	0.28662
54.59	0.28681
54.6	0.28699
54.61	0.28737
54.62	0.28755
54.63	0.28755
54.64	0.28755
54.65	0.28755
54.66	0.28755
